[gd_scene load_steps=12 format=3 uid="uid://wbg5d8kgacec"]

[ext_resource type="Texture2D" uid="uid://dxxald5ada4tu" path="res://assets/textures/checker-map_tho.png" id="1_28hlc"]
[ext_resource type="Script" path="res://scripts/Forest.gd" id="1_i1d7t"]
[ext_resource type="PackedScene" uid="uid://b7qmc6himhisa" path="res://scenes/player.tscn" id="2_6kfx6"]
[ext_resource type="PackedScene" uid="uid://cou54xmd8gks6" path="res://scenes/animal_spawner.tscn" id="3_2thmc"]
[ext_resource type="PackedScene" uid="uid://bry0febas86xs" path="res://scenes/models-scenes/bush_block.tscn" id="5_boe3q"]
[ext_resource type="PackedScene" uid="uid://cvt7xsdtis6bo" path="res://scenes/models-scenes/cabin_block.tscn" id="6_32w0d"]
[ext_resource type="PackedScene" uid="uid://cqf6x7wc6858t" path="res://scenes/models-scenes/rock_block.tscn" id="7_0cplw"]
[ext_resource type="PackedScene" uid="uid://drfsdfhjtrmon" path="res://scenes/foreststuff/FirTree.tscn" id="8_rfh1m"]
[ext_resource type="PackedScene" uid="uid://dtfqbg2in6vo6" path="res://scenes/models-scenes/tree_block.tscn" id="8_suxb3"]
[ext_resource type="PackedScene" uid="uid://d36dbfrl5bbkm" path="res://scenes/foreststuff/Bush.tscn" id="9_idxoe"]

[sub_resource type="StandardMaterial3D" id="StandardMaterial3D_3ps8o"]
albedo_color = Color(0.156863, 0.168627, 0.156863, 1)
albedo_texture = ExtResource("1_28hlc")
metallic_specular = 0.0
uv1_scale = Vector3(-1, 1, 1)

[node name="Forest" type="Node3D"]
script = ExtResource("1_i1d7t")

[node name="DirectionalLight3D" type="DirectionalLight3D" parent="."]
transform = Transform3D(-0.866025, -0.433013, 0.25, 0, 0.5, 0.866025, -0.5, 0.75, -0.433013, 0, 0, 0)
light_energy = 10.0
shadow_enabled = true

[node name="CSGBox3D" type="CSGBox3D" parent="."]
material_override = SubResource("StandardMaterial3D_3ps8o")
use_collision = true
size = Vector3(50, 0.1, 50)

[node name="Player" parent="." instance=ExtResource("2_6kfx6")]

[node name="AnimalSpawner" parent="." instance=ExtResource("3_2thmc")]

[node name="bush" parent="." instance=ExtResource("5_boe3q")]
transform = Transform3D(1, 0, 0, 0, 1, 0, 0, 0, 1, -10.1543, 0.0499973, 2.79726)

[node name="cabin" parent="." instance=ExtResource("6_32w0d")]
transform = Transform3D(1, 0, 0, 0, 1, 0, 0, 0, 1, -11.602, 0.0499973, -8.22846)

[node name="rock" parent="." instance=ExtResource("7_0cplw")]
transform = Transform3D(1, 0, 0, 0, 1, 0, 0, 0, 1, -4.40075, 0.0499973, 5.31571)

[node name="SomeFoliage" type="Node3D" parent="."]
transform = Transform3D(1, 0, 0, 0, 1, 0, 0, 0, 1, 2.42985, 0.0499973, 9.53039)

[node name="Tree" parent="SomeFoliage" instance=ExtResource("8_rfh1m")]
transform = Transform3D(1, 0, 0, 0, 1, 0, 0, 0, 1, -2.42985, -0.0499973, -13.3217)

[node name="Tree2" parent="SomeFoliage" instance=ExtResource("8_rfh1m")]
transform = Transform3D(1, 0, 0, 0, 1, 0, 0, 0, 1, 0.574389, -0.0499973, -15.2854)

[node name="Tree3" parent="SomeFoliage" instance=ExtResource("8_rfh1m")]
transform = Transform3D(1, 0, 0, 0, 1, 0, 0, 0, 1, -4.74208, -0.0499973, -12.2002)

[node name="Tree4" parent="SomeFoliage" instance=ExtResource("8_rfh1m")]
transform = Transform3D(1, 0, 0, 0, 1, 0, 0, 0, 1, 2.43955, -0.0499973, -13.9413)

[node name="Bush" parent="SomeFoliage" instance=ExtResource("9_idxoe")]
transform = Transform3D(1, 0, 0, 0, 1, 0, 0, 0, 1, -2.05729, -0.0499973, -12.7597)

[node name="Bush2" parent="SomeFoliage" instance=ExtResource("9_idxoe")]
transform = Transform3D(1, 0, 0, 0, 1, 0, 0, 0, 1, -3.98833, -0.0499973, -11.8941)

[node name="Bush3" parent="SomeFoliage" instance=ExtResource("9_idxoe")]
transform = Transform3D(1, 0, 0, 0, 1, 0, 0, 0, 1, -0.00840187, -0.0499973, -13.0601)

[node name="Bush4" parent="SomeFoliage" instance=ExtResource("9_idxoe")]
transform = Transform3D(1, 0, 0, 0, 1, 0, 0, 0, 1, 1.38356, -0.0499973, -14.0156)

[node name="Bush5" parent="SomeFoliage" instance=ExtResource("9_idxoe")]
transform = Transform3D(1, 0, 0, 0, 1, 0, 0, 0, 1, 2.5083, -0.0499973, -13.3679)

[node name="Tree5" parent="SomeFoliage" instance=ExtResource("8_rfh1m")]
transform = Transform3D(1, 0, 0, 0, 1, 0, 0, 0, 1, -0.6892, -0.0499973, -12.4522)

[node name="Tree6" parent="SomeFoliage" instance=ExtResource("8_rfh1m")]
transform = Transform3D(1, 0, 0, 0, 1, 0, 0, 0, 1, 4.72961, -0.0499973, -12.4522)

[node name="Tree7" parent="SomeFoliage" instance=ExtResource("8_rfh1m")]
transform = Transform3D(1, 0, 0, 0, 1, 0, 0, 0, 1, 3.8422, -0.0499973, -14.9819)

[node name="Tree8" parent="SomeFoliage" instance=ExtResource("8_rfh1m")]
transform = Transform3D(1, 0, 0, 0, 1, 0, 0, 0, 1, 7.03278, -0.0499973, -11.2527)

[node name="Tree10" parent="SomeFoliage" instance=ExtResource("8_rfh1m")]
transform = Transform3D(1, 0, 0, 0, 1, 0, 0, 0, 1, 8.58665, 3.8445e-06, -13.3947)

[node name="Tree11" parent="SomeFoliage" instance=ExtResource("8_rfh1m")]
transform = Transform3D(1, 0, 0, 0, 1, 0, 0, 0, 1, -5.13476, 2.89083e-06, -9.4561)

[node name="Tree9" parent="SomeFoliage" instance=ExtResource("8_rfh1m")]
transform = Transform3D(1, 0, 0, 0, 1, 0, 0, 0, 1, 6.74489, -0.0499973, -14.6378)

[node name="Tree12" parent="SomeFoliage" instance=ExtResource("8_rfh1m")]
transform = Transform3D(-0.992328, 0, 0.123636, 0, 1, 0, -0.123636, 0, -0.992328, 4.55984, -0.0499973, -0.0836115)

[node name="Tree13" parent="SomeFoliage" instance=ExtResource("8_rfh1m")]
transform = Transform3D(-0.992328, 0, 0.123636, 0, 1, 0, -0.123636, 0, -0.992328, 1.33587, -0.0499973, 1.49357)

[node name="Tree14" parent="SomeFoliage" instance=ExtResource("8_rfh1m")]
transform = Transform3D(-0.992328, 0, 0.123636, 0, 1, 0, -0.123636, 0, -0.992328, 6.99298, -0.0499973, -0.910604)

[node name="Tree15" parent="SomeFoliage" instance=ExtResource("8_rfh1m")]
transform = Transform3D(-0.992328, 0, 0.123636, 0, 1, 0, -0.123636, 0, -0.992328, -0.348808, -0.0499973, -0.0707827)

[node name="Bush6" parent="SomeFoliage" instance=ExtResource("9_idxoe")]
transform = Transform3D(-0.992328, 0, 0.123636, 0, 1, 0, -0.123636, 0, -0.992328, 4.25962, -0.0499973, -0.687297)

[node name="Bush7" parent="SomeFoliage" instance=ExtResource("9_idxoe")]
transform = Transform3D(-0.992328, 0, 0.123636, 0, 1, 0, -0.123636, 0, -0.992328, 6.28286, -0.0499973, -1.30756)

[node name="Bush8" parent="SomeFoliage" instance=ExtResource("9_idxoe")]
transform = Transform3D(-0.992328, 0, 0.123636, 0, 1, 0, -0.123636, 0, -0.992328, 2.18931, -0.0499973, -0.642536)

[node name="Bush9" parent="SomeFoliage" instance=ExtResource("9_idxoe")]
transform = Transform3D(-0.992328, 0, 0.123636, 0, 1, 0, -0.123636, 0, -0.992328, 0.689885, -0.0499973, 0.133548)

[node name="Bush10" parent="SomeFoliage" instance=ExtResource("9_idxoe")]
transform = Transform3D(-0.992328, 0, 0.123636, 0, 1, 0, -0.123636, 0, -0.992328, -0.346131, -0.0499973, -0.648314)

[node name="Tree16" parent="SomeFoliage" instance=ExtResource("8_rfh1m")]
transform = Transform3D(-0.992328, 0, 0.123636, 0, 1, 0, -0.123636, 0, -0.992328, 2.94004, -0.0499973, -1.16161)

[node name="Tree17" parent="SomeFoliage" instance=ExtResource("8_rfh1m")]
transform = Transform3D(-0.992328, 0, 0.123636, 0, 1, 0, -0.123636, 0, -0.992328, -2.4372, -0.0499973, -1.83157)

[node name="Tree18" parent="SomeFoliage" instance=ExtResource("8_rfh1m")]
transform = Transform3D(-0.992328, 0, 0.123636, 0, 1, 0, -0.123636, 0, -0.992328, -1.86936, -0.0499973, 0.788469)

[node name="Tree19" parent="SomeFoliage" instance=ExtResource("8_rfh1m")]
transform = Transform3D(-0.992328, 0, 0.123636, 0, 1, 0, -0.123636, 0, -0.992328, -4.57439, -0.0499973, -3.30668)

[node name="Tree20" parent="SomeFoliage" instance=ExtResource("8_rfh1m")]
transform = Transform3D(-0.992328, 0, 0.123636, 0, 1, 0, -0.123636, 0, -0.992328, -6.38117, 3.8445e-06, -1.37321)

[node name="Tree21" parent="SomeFoliage" instance=ExtResource("8_rfh1m")]
transform = Transform3D(-0.992328, 0, 0.123636, 0, 1, 0, -0.123636, 0, -0.992328, 7.72192, 2.89083e-06, -3.5851)

[node name="Tree22" parent="SomeFoliage" instance=ExtResource("8_rfh1m")]
transform = Transform3D(-0.992328, 0, 0.123636, 0, 1, 0, -0.123636, 0, -0.992328, -4.70723, -0.0499973, 0.0880795)

[node name="tree_block" parent="." instance=ExtResource("8_suxb3")]
transform = Transform3D(1, 0, 0, 0, 1, 0, 0, 0, 1, 2.42985, 0.0499973, 9.53039)
