[gd_scene load_steps=21 format=3 uid="uid://b7lmp3ynu4ubs"]

[ext_resource type="Script" path="res://scripts/game_scene.gd" id="1_03cmh"]
[ext_resource type="Material" uid="uid://dtvnutqkcg0ig" path="res://assets/SnowyNoise1k/Snow.tres" id="1_lfgo5"]
[ext_resource type="PackedScene" uid="uid://cvt7xsdtis6bo" path="res://scenes/models-scenes/cabin_block.tscn" id="2_rkg7s"]
[ext_resource type="PackedScene" uid="uid://4478f05ggc05" path="res://scenes/models-scenes/static-mesh/watertower.dae" id="3_t7f0h"]
[ext_resource type="PackedScene" uid="uid://bynfws7xny3na" path="res://scenes/models-scenes/static-mesh/signpost.dae" id="4_yyxpq"]
[ext_resource type="PackedScene" uid="uid://caq87jdqc3dq4" path="res://scenes/models-scenes/static-mesh/walkietalkie.dae" id="5_ex4ju"]
[ext_resource type="PackedScene" uid="uid://v8vhjw8p10tk" path="res://scenes/tree_cluster_1.tscn" id="6_esxvv"]
[ext_resource type="PackedScene" uid="uid://c8jro3t78ginl" path="res://scenes/tree_cluster_2.tscn" id="7_l077j"]
[ext_resource type="PackedScene" uid="uid://bry0febas86xs" path="res://scenes/models-scenes/bush_block.tscn" id="9_ihu87"]
[ext_resource type="PackedScene" uid="uid://bben6xums5pbn" path="res://scenes/piles_of_snow_path.tscn" id="9_q8h2x"]
[ext_resource type="PackedScene" uid="uid://cqf6x7wc6858t" path="res://scenes/models-scenes/rock_block.tscn" id="10_e7xes"]
[ext_resource type="PackedScene" uid="uid://t8h7n1ckwnbm" path="res://scenes/bush_cluster_1.tscn" id="11_5h5pj"]
[ext_resource type="PackedScene" uid="uid://b7qmc6himhisa" path="res://scenes/player.tscn" id="12_clta6"]
[ext_resource type="PackedScene" uid="uid://c2h8atgtfq1tl" path="res://scenes/talismans.tscn" id="13_7ipr7"]
[ext_resource type="PackedScene" uid="uid://cvnbi1gnk7okv" path="res://scenes/dialog_trigger.tscn" id="14_utow1"]
[ext_resource type="Script" path="res://scripts/DialogTrigger14.gd" id="16_gyctw"]
[ext_resource type="Script" path="res://scripts/DialogTriggerBack.gd" id="17_6kjpn"]
[ext_resource type="PackedScene" uid="uid://y43sowoxgvba" path="res://scenes/monster/monster.tscn" id="17_aqrxp"]
[ext_resource type="PackedScene" uid="uid://ddu3srsg8wh4g" path="res://scenes/firstaidkit.tscn" id="19_u8vhl"]

[sub_resource type="GDScript" id="GDScript_6mqxh"]
script/source = "extends Node3D


func _ready():
	Global.pickup.connect(destroy)
	
func destroy():
	queue_free()
"

[node name="GameScene" type="Node3D"]
script = ExtResource("1_03cmh")

[node name="DirectionalLight3D" type="DirectionalLight3D" parent="."]
transform = Transform3D(-0.866025, -0.433013, 0.25, -0.0989827, 0.638578, 0.763165, -0.490105, 0.636174, -0.595886, 0, 6.43107, 0)
light_energy = 10.0
shadow_enabled = true

[node name="CSGBox3D" type="CSGBox3D" parent="."]
transform = Transform3D(1, 0, 0, 0, 1, 0, 0, 0, 1, -47.1718, -0.470215, -222.263)
material_override = ExtResource("1_lfgo5")
size = Vector3(400, 0.1, 1000)

[node name="cabin" parent="." instance=ExtResource("2_rkg7s")]
transform = Transform3D(-0.41555, 0, -0.908266, 0, 0.998814, 0, 0.908266, 0, -0.41555, 51.0538, -0.373138, 215.729)

[node name="watertower" parent="." instance=ExtResource("3_t7f0h")]
transform = Transform3D(0.928674, 0, -0.370898, 0, 1, 0, 0.370898, 0, 0.928674, 31.3711, 0, -575.042)

[node name="signpost" parent="." instance=ExtResource("4_yyxpq")]
transform = Transform3D(1.5, 0, 0, 0, 1.5, 0, 0, 0, 1.5, 9.82868, 0, 138.388)

[node name="walkietalkie" parent="." instance=ExtResource("5_ex4ju")]
transform = Transform3D(1, 0, 0, 0, 1, 0, 0, 0, 1, 10.4555, -0.00893903, 138.993)
script = SubResource("GDScript_6mqxh")

[node name="Path" type="Node3D" parent="."]

[node name="tree_clusters" type="Node3D" parent="Path"]

[node name="tree_cluster_3" parent="Path/tree_clusters" instance=ExtResource("6_esxvv")]
transform = Transform3D(-0.458277, 0, 0.88881, 0, 1, 0, -0.88881, 0, -0.458277, 31.2046, -0.0170135, 182.666)

[node name="tree_cluster_4" parent="Path/tree_clusters" instance=ExtResource("6_esxvv")]
transform = Transform3D(0.605961, 0, -0.795495, 0, 1, 0, 0.795495, 0, 0.605961, 35.8598, -0.0170135, 141.359)

[node name="tree_cluster_9" parent="Path/tree_clusters" instance=ExtResource("6_esxvv")]
transform = Transform3D(0.944686, 0, -0.327976, 0, 1, 0, 0.327976, 0, 0.944686, 71.1249, -0.118437, 72.8614)

[node name="tree_cluster_11" parent="Path/tree_clusters" instance=ExtResource("6_esxvv")]
transform = Transform3D(-0.848325, 0, -0.529475, 0, 1, 0, 0.529475, 0, -0.848325, 73.8894, -0.118437, 24.6998)

[node name="tree_cluster_13" parent="Path/tree_clusters" instance=ExtResource("6_esxvv")]
transform = Transform3D(0.738302, 0, 0.67447, 0, 1, 0, -0.67447, 0, 0.738302, 31.6905, -0.118437, 24.4064)

[node name="tree_cluster_2" parent="Path/tree_clusters" instance=ExtResource("7_l077j")]
transform = Transform3D(1, 0, 0, 0, 1, 0, 0, 0, 1, 63.9012, 0, 207.614)

[node name="tree_cluster_7" parent="Path/tree_clusters" instance=ExtResource("7_l077j")]
transform = Transform3D(0.923599, 0, -0.383361, 0, 1, 0, 0.383361, 0, 0.923599, 55.7217, 0, 232.649)

[node name="tree_cluster_10" parent="Path/tree_clusters" instance=ExtResource("7_l077j")]
transform = Transform3D(0.686618, 0, -0.727018, 0, 1, 0, 0.727018, 0, 0.686618, 37.7051, 0, 241.903)

[node name="tree_cluster_12" parent="Path/tree_clusters" instance=ExtResource("7_l077j")]
transform = Transform3D(0.686618, 0, -0.727018, 0, 1, 0, 0.727018, 0, 0.686618, 21.8124, 0, 236.292)

[node name="tree_cluster_5" parent="Path/tree_clusters" instance=ExtResource("7_l077j")]
transform = Transform3D(0.201334, 0, 0.979523, 0, 1, 0, -0.979523, 0, 0.201334, 55.7342, 0, 191.784)

[node name="tree_cluster_6" parent="Path/tree_clusters" instance=ExtResource("7_l077j")]
transform = Transform3D(0.974476, 0, -0.224492, 0, 1, 0, 0.224492, 0, 0.974476, 53.0406, 0, 113.294)

[node name="tree_cluster_8" parent="Path/tree_clusters" instance=ExtResource("7_l077j")]
transform = Transform3D(-0.918846, 0, 0.394615, 0, 1, 0, -0.394615, 0, -0.918846, 71.4764, 0.0239983, 98.3505)

[node name="tree_cluster_16" parent="Path/tree_clusters" instance=ExtResource("6_esxvv")]
transform = Transform3D(-0.936801, 0, 0.349864, 0, 1, 0, -0.349864, 0, -0.936801, 32.4483, -0.118437, -38.3601)

[node name="tree_cluster_17" parent="Path/tree_clusters" instance=ExtResource("7_l077j")]
transform = Transform3D(0.902014, 0, 0.431708, 0, 1, 0, -0.431708, 0, 0.902014, 7.30102, 0.0239983, -3.9073)

[node name="tree_cluster_19" parent="Path/tree_clusters" instance=ExtResource("6_esxvv")]
transform = Transform3D(-0.0993893, 0, -0.995049, 0, 1, 0, 0.995049, 0, -0.0993893, 55.033, -0.118437, -77.8293)

[node name="tree_cluster_20" parent="Path/tree_clusters" instance=ExtResource("7_l077j")]
transform = Transform3D(0.912948, 0, -0.408076, 0, 1, 0, 0.408076, 0, 0.912948, 37.3105, 0.0239983, -70.8802)

[node name="tree_cluster_21" parent="Path/tree_clusters" instance=ExtResource("6_esxvv")]
transform = Transform3D(0.52296, 0, -0.852357, 0, 1, 0, 0.852357, 0, 0.52296, 70.8516, -0.118437, -83.1487)

[node name="tree_cluster_22" parent="Path/tree_clusters" instance=ExtResource("6_esxvv")]
transform = Transform3D(0.982839, 0, -0.184466, 0, 1, 0, 0.184466, 0, 0.982839, 105.105, -0.118437, -115.919)

[node name="tree_cluster_23" parent="Path/tree_clusters" instance=ExtResource("7_l077j")]
transform = Transform3D(0.638888, 0, -0.769299, 0, 1, 0, 0.769299, 0, 0.638888, 104.206, 0.0239983, -100.139)

[node name="tree_cluster_24" parent="Path/tree_clusters" instance=ExtResource("7_l077j")]
transform = Transform3D(0.260572, 0, 0.965454, 0, 1, 0, -0.965454, 0, 0.260572, 96.9089, 0.0239983, -131.169)

[node name="tree_cluster_25" parent="Path/tree_clusters" instance=ExtResource("6_esxvv")]
transform = Transform3D(0.886898, 0, 0.461965, 0, 1, 0, -0.461965, 0, 0.886898, 81.5325, -0.118437, -147.203)

[node name="tree_cluster_26" parent="Path/tree_clusters" instance=ExtResource("7_l077j")]
transform = Transform3D(0.260572, 0, 0.965454, 0, 1, 0, -0.965454, 0, 0.260572, 68.6366, 0.0239983, -156.891)

[node name="tree_cluster_27" parent="Path/tree_clusters" instance=ExtResource("6_esxvv")]
transform = Transform3D(0.839876, 0, -0.542779, 0, 1, 0, 0.542779, 0, 0.839876, 67.402, -0.118437, -176.746)

[node name="tree_cluster_28" parent="Path/tree_clusters" instance=ExtResource("7_l077j")]
transform = Transform3D(0.867809, 0, 0.496898, 0, 1, 0, -0.496898, 0, 0.867809, 64.0686, 0.0239983, -195.16)

[node name="tree_cluster_29" parent="Path/tree_clusters" instance=ExtResource("6_esxvv")]
transform = Transform3D(0.945473, 0, -0.3257, 0, 1, 0, 0.3257, 0, 0.945473, 65.1849, -0.118437, -213.715)

[node name="tree_cluster_30" parent="Path/tree_clusters" instance=ExtResource("7_l077j")]
transform = Transform3D(0.398461, 0, 0.917185, 0, 1, 0, -0.917185, 0, 0.398461, 54.5526, 0.0239983, -225.534)

[node name="tree_cluster_31" parent="Path/tree_clusters" instance=ExtResource("6_esxvv")]
transform = Transform3D(0.824936, 0, 0.565226, 0, 1, 0, -0.565226, 0, 0.824936, 42.5, -0.118437, -237.971)

[node name="tree_cluster_32" parent="Path/tree_clusters" instance=ExtResource("7_l077j")]
transform = Transform3D(-0.499153, 0, 0.866514, 0, 1, 0, -0.866514, 0, -0.499153, 26.673, 0.0239983, -236.475)

[node name="tree_cluster_33" parent="Path/tree_clusters" instance=ExtResource("6_esxvv")]
transform = Transform3D(0.377922, 0, 0.925838, 0, 1, 0, -0.925838, 0, 0.377922, 8.40325, -0.118437, -238.505)

[node name="tree_cluster_34" parent="Path/tree_clusters" instance=ExtResource("7_l077j")]
transform = Transform3D(-0.893536, 0, 0.448992, 0, 1, 0, -0.448992, 0, -0.893536, -3.99023, 0.0239983, -228.549)

[node name="tree_cluster_36" parent="Path/tree_clusters" instance=ExtResource("7_l077j")]
transform = Transform3D(-0.976982, 0, -0.21332, 0, 1, 0, 0.21332, 0, -0.976982, -29.0104, 0.0239983, -246.104)

[node name="tree_cluster_37" parent="Path/tree_clusters" instance=ExtResource("6_esxvv")]
transform = Transform3D(-0.756378, 0, -0.654133, 0, 1, 0, 0.654133, 0, -0.756378, -32.357, -0.118437, -207.616)

[node name="tree_cluster_76" parent="Path/tree_clusters" instance=ExtResource("6_esxvv")]
transform = Transform3D(-0.0104368, 0, 0.999945, 0, 1, 0, -0.999945, 0, -0.0104368, 4.87879, -0.118441, -171.067)

[node name="tree_cluster_38" parent="Path/tree_clusters" instance=ExtResource("7_l077j")]
transform = Transform3D(-0.237686, 0, 0.971342, 0, 1, 0, -0.971342, 0, -0.237686, 7.74953, 0.0239983, -206.816)

[node name="tree_cluster_40" parent="Path/tree_clusters" instance=ExtResource("6_esxvv")]
transform = Transform3D(0.205043, 0, -0.978753, 0, 1, 0, 0.978753, 0, 0.205043, -22.9293, -0.118437, -149.683)

[node name="tree_cluster_41" parent="Path/tree_clusters" instance=ExtResource("7_l077j")]
transform = Transform3D(0.75769, 0, -0.652615, 0, 1, 0, 0.652615, 0, 0.75769, 22.5555, 0.0239983, -211.558)

[node name="tree_cluster_42" parent="Path/tree_clusters" instance=ExtResource("6_esxvv")]
transform = Transform3D(-0.996549, 0, 0.0829991, 0, 1, 0, -0.0829991, 0, -0.996549, 37.5251, -0.118437, -163.054)

[node name="tree_cluster_43" parent="Path/tree_clusters" instance=ExtResource("7_l077j")]
transform = Transform3D(0.999633, 0, -0.0271018, 0, 1, 0, 0.0271018, 0, 0.999633, 34.7362, 0.0239983, -182.267)

[node name="tree_cluster_44" parent="Path/tree_clusters" instance=ExtResource("7_l077j")]
transform = Transform3D(-0.515681, 0, -0.856781, 0, 1, 0, 0.856781, 0, -0.515681, 45.3943, 0.0239983, -147.795)

[node name="tree_cluster_45" parent="Path/tree_clusters" instance=ExtResource("6_esxvv")]
transform = Transform3D(0.657086, 0, 0.753816, 0, 1, 0, -0.753816, 0, 0.657086, 41.5123, -0.118437, -110.6)

[node name="tree_cluster_47" parent="Path/tree_clusters" instance=ExtResource("6_esxvv")]
transform = Transform3D(0.90066, 0, 0.434524, 0, 1, 0, -0.434524, 0, 0.90066, -77.5671, -0.118437, -210.523)

[node name="tree_cluster_46" parent="Path/tree_clusters" instance=ExtResource("7_l077j")]
transform = Transform3D(-0.550044, 0, -0.835136, 0, 1, 0, 0.835136, 0, -0.550044, 47.4262, 0.0239983, -111.317)

[node name="tree_cluster_48" parent="Path/tree_clusters" instance=ExtResource("7_l077j")]
transform = Transform3D(-0.939836, 0, 0.341627, 0, 1, 0, -0.341627, 0, -0.939836, 41.0345, 0.0239983, -97.9914)

[node name="tree_cluster_49" parent="Path/tree_clusters" instance=ExtResource("6_esxvv")]
transform = Transform3D(-0.565125, 0, 0.825005, 0, 1, 0, -0.825005, 0, -0.565125, 22.0318, -0.118437, -85.0502)

[node name="tree_cluster_50" parent="Path/tree_clusters" instance=ExtResource("7_l077j")]
transform = Transform3D(-0.859549, 0, 0.511053, 0, 1, 0, -0.511053, 0, -0.859549, 9.89505, 0.0239983, -74.259)

[node name="tree_cluster_52" parent="Path/tree_clusters" instance=ExtResource("7_l077j")]
transform = Transform3D(-0.546219, 0, 0.837642, 0, 1, 0, -0.837642, 0, -0.546219, 92.3229, 0.0239983, -91.1971)

[node name="tree_cluster_129" parent="Path/tree_clusters" instance=ExtResource("6_esxvv")]
transform = Transform3D(0.982839, 0, -0.184466, 0, 1, 0, 0.184466, 0, 0.982839, 133.246, -0.118437, -504.233)

[node name="tree_cluster_130" parent="Path/tree_clusters" instance=ExtResource("7_l077j")]
transform = Transform3D(0.864555, 0, -0.502538, 0, 1, 0, 0.502538, 0, 0.864555, 129.488, 0.0239983, -489.026)

[node name="tree_cluster_131" parent="Path/tree_clusters" instance=ExtResource("7_l077j")]
transform = Transform3D(0.260572, 0, 0.965454, 0, 1, 0, -0.965454, 0, 0.260572, 126.408, 0.0239983, -520.202)

[node name="tree_cluster_153" parent="Path/tree_clusters" instance=ExtResource("7_l077j")]
transform = Transform3D(-0.239279, 0, 0.970951, 0, 1, 0, -0.970951, 0, -0.239279, 110.948, 0.0239983, -533.467)

[node name="tree_cluster_132" parent="Path/tree_clusters" instance=ExtResource("7_l077j")]
transform = Transform3D(-0.801055, 0, 0.59859, 0, 1, 0, -0.59859, 0, -0.801055, 121.407, 0.0239983, -476.542)

[node name="tree_cluster_133" parent="Path/tree_clusters" instance=ExtResource("7_l077j")]
transform = Transform3D(0.55993, 0, -0.82854, 0, 1, 0, 0.82854, 0, 0.55993, 103.6, 0.0239983, -468.992)

[node name="tree_cluster_134" parent="Path/tree_clusters" instance=ExtResource("7_l077j")]
transform = Transform3D(-0.460974, 0, 0.887413, 0, 1, 0, -0.887413, 0, -0.460974, 90.8927, 0.0239983, -461.265)

[node name="tree_cluster_145" parent="Path/tree_clusters" instance=ExtResource("7_l077j")]
transform = Transform3D(0.990906, 0, 0.134557, 0, 1, 0, -0.134557, 0, 0.990906, 88.2126, 0.0239983, -510.511)

[node name="tree_cluster_53" parent="Path/tree_clusters" instance=ExtResource("6_esxvv")]
transform = Transform3D(-0.919863, 0, 0.392241, 0, 1, 0, -0.392241, 0, -0.919863, -58.9958, -0.118437, -258.555)

[node name="tree_cluster_85" parent="Path/tree_clusters" instance=ExtResource("6_esxvv")]
transform = Transform3D(-0.299507, 0, -0.954094, 0, 1, 0, 0.954094, 0, -0.299507, -84.4224, -0.118437, -307.277)

[node name="tree_cluster_79" parent="Path/tree_clusters" instance=ExtResource("6_esxvv")]
transform = Transform3D(-0.695825, 0, 0.718211, 0, 1, 0, -0.718211, 0, -0.695825, -60.3827, -0.118441, -287.483)

[node name="tree_cluster_113" parent="Path/tree_clusters" instance=ExtResource("6_esxvv")]
transform = Transform3D(0.339247, 0, -0.940697, 0, 1, 0, 0.940697, 0, 0.339247, 76.8991, -0.118437, -341.629)

[node name="tree_cluster_114" parent="Path/tree_clusters" instance=ExtResource("6_esxvv")]
transform = Transform3D(-0.835577, 0, -0.549373, 0, 1, 0, 0.549373, 0, -0.835577, 124.926, -0.118437, -404.831)

[node name="tree_cluster_116" parent="Path/tree_clusters" instance=ExtResource("6_esxvv")]
transform = Transform3D(0.907697, 0, 0.419627, 0, 1, 0, -0.419627, 0, 0.907697, 75.9101, -0.118437, -405.783)

[node name="tree_cluster_87" parent="Path/tree_clusters" instance=ExtResource("6_esxvv")]
transform = Transform3D(-0.728108, 0, -0.685463, 0, 1, 0, 0.685463, 0, -0.728108, -124.798, -0.118437, -307.498)

[node name="tree_cluster_89" parent="Path/tree_clusters" instance=ExtResource("6_esxvv")]
transform = Transform3D(-0.984778, 0, -0.17382, 0, 1, 0, 0.17382, 0, -0.984778, -154.568, -0.118437, -329.006)

[node name="tree_cluster_90" parent="Path/tree_clusters" instance=ExtResource("6_esxvv")]
transform = Transform3D(-0.0491286, 0, -0.998793, 0, 1, 0, 0.998793, 0, -0.0491286, -145.958, -0.118437, -314.34)

[node name="tree_cluster_91" parent="Path/tree_clusters" instance=ExtResource("6_esxvv")]
transform = Transform3D(-0.666936, 0, 0.745116, 0, 1, 0, -0.745116, 0, -0.666936, -158.1, -0.118437, -368.344)

[node name="tree_cluster_92" parent="Path/tree_clusters" instance=ExtResource("6_esxvv")]
transform = Transform3D(0.984571, 0, -0.174989, 0, 1, 0, 0.174989, 0, 0.984571, -163.571, -0.118437, -348.547)

[node name="tree_cluster_93" parent="Path/tree_clusters" instance=ExtResource("6_esxvv")]
transform = Transform3D(-0.519772, 0, 0.854305, 0, 1, 0, -0.854305, 0, -0.519772, -144.177, -0.118437, -382.555)

[node name="tree_cluster_95" parent="Path/tree_clusters" instance=ExtResource("6_esxvv")]
transform = Transform3D(0.194731, 0, -0.980857, 0, 1, 0, 0.980857, 0, 0.194731, -136.322, -0.118437, -409.422)

[node name="tree_cluster_97" parent="Path/tree_clusters" instance=ExtResource("6_esxvv")]
transform = Transform3D(0.967762, 0, 0.251867, 0, 1, 0, -0.251867, 0, 0.967762, -57.6376, -0.118437, -368.472)

[node name="tree_cluster_98" parent="Path/tree_clusters" instance=ExtResource("6_esxvv")]
transform = Transform3D(-0.226617, 0, 0.973984, 0, 1, 0, -0.973984, 0, -0.226617, 6.50142, -0.118437, -364.412)

[node name="tree_cluster_80" parent="Path/tree_clusters" instance=ExtResource("6_esxvv")]
transform = Transform3D(0.998682, 0, 0.0513247, 0, 1, 0, -0.0513247, 0, 0.998682, -22.5515, -0.118437, -303.196)

[node name="tree_cluster_84" parent="Path/tree_clusters" instance=ExtResource("6_esxvv")]
transform = Transform3D(0.998682, 0, 0.0513247, 0, 1, 0, -0.0513247, 0, 0.998682, -110.672, -0.118441, -344.323)

[node name="tree_cluster_54" parent="Path/tree_clusters" instance=ExtResource("7_l077j")]
transform = Transform3D(0.804583, 0, 0.59384, 0, 1, 0, -0.59384, 0, 0.804583, -47.2733, 0.0239983, -220.473)

[node name="tree_cluster_55" parent="Path/tree_clusters" instance=ExtResource("6_esxvv")]
transform = Transform3D(-0.978635, 0, 0.205607, 0, 1, 0, -0.205607, 0, -0.978635, -12.0502, -0.118437, -49.9922)

[node name="tree_cluster_57" parent="Path/tree_clusters" instance=ExtResource("6_esxvv")]
transform = Transform3D(0.894467, 0, 0.447134, 0, 1, 0, -0.447134, 0, 0.894467, -42.5909, -0.118437, 4.97228)

[node name="tree_cluster_59" parent="Path/tree_clusters" instance=ExtResource("6_esxvv")]
transform = Transform3D(0.784982, 0, 0.619519, 0, 1, 0, -0.619519, 0, 0.784982, -29.1533, -0.118437, 44.0467)

[node name="tree_cluster_61" parent="Path/tree_clusters" instance=ExtResource("6_esxvv")]
transform = Transform3D(-0.876265, 0, -0.48183, 0, 1, 0, 0.48183, 0, -0.876265, 15.1048, -0.118437, 42.3292)

[node name="tree_cluster_62" parent="Path/tree_clusters" instance=ExtResource("7_l077j")]
transform = Transform3D(-0.263014, 0, -0.964792, 0, 1, 0, 0.964792, 0, -0.263014, 35.2269, 0.0239983, 53.5811)

[node name="tree_cluster_65" parent="Path/tree_clusters" instance=ExtResource("6_esxvv")]
transform = Transform3D(-0.601773, 0, 0.798667, 0, 1, 0, -0.798667, 0, -0.601773, 45.7371, -0.118437, 88.2322)

[node name="tree_cluster_67" parent="Path/tree_clusters" instance=ExtResource("7_l077j")]
transform = Transform3D(-0.974307, 0, 0.225223, 0, 1, 0, -0.225223, 0, -0.974307, 11.5341, 0.0239983, 105.666)

[node name="tree_cluster_68" parent="Path/tree_clusters" instance=ExtResource("6_esxvv")]
transform = Transform3D(-0.964355, 0, 0.264614, 0, 1, 0, -0.264614, 0, -0.964355, -0.597733, -0.118435, 117.762)

[node name="tree_cluster_70" parent="Path/tree_clusters" instance=ExtResource("6_esxvv")]
transform = Transform3D(-0.987628, 0, -0.156814, 0, 1, 0, 0.156814, 0, -0.987628, -18.4738, -0.118437, 169.778)

[node name="tree_cluster_71" parent="Path/tree_clusters" instance=ExtResource("7_l077j")]
transform = Transform3D(-0.99992, 0, 0.0126354, 0, 1, 0, -0.0126354, 0, -0.99992, -13.44, 0.0239983, 152.052)

[node name="tree_cluster_73" parent="Path/tree_clusters" instance=ExtResource("6_esxvv")]
transform = Transform3D(-0.275839, 0, 0.961204, 0, 1, 0, -0.961204, 0, -0.275839, 13.207, -0.118437, 236.785)

[node name="tree_cluster_74" parent="Path/tree_clusters" instance=ExtResource("7_l077j")]
transform = Transform3D(0.932897, 0, 0.360143, 0, 1, 0, -0.360143, 0, 0.932897, -30.1052, 0.0239983, -281.975)

[node name="tree_cluster_99" parent="Path/tree_clusters" instance=ExtResource("7_l077j")]
transform = Transform3D(0.0855387, 0, 0.996335, 0, 1, 0, -0.996335, 0, 0.0855387, -70.304, 0.0239983, -381.127)

[node name="tree_cluster_102" parent="Path/tree_clusters" instance=ExtResource("7_l077j")]
transform = Transform3D(0.355629, 0, -0.934628, 0, 1, 0, 0.934628, 0, 0.355629, -40.9529, 0.0239983, -369.405)

[node name="tree_cluster_103" parent="Path/tree_clusters" instance=ExtResource("7_l077j")]
transform = Transform3D(-0.686872, 0, 0.726779, 0, 1, 0, -0.726779, 0, -0.686872, -4.58713, 0.0239983, -352.514)

[node name="tree_cluster_108" parent="Path/tree_clusters" instance=ExtResource("7_l077j")]
transform = Transform3D(-0.686872, 0, 0.726779, 0, 1, 0, -0.726779, 0, -0.686872, -5.45961, 0.0239983, -324.124)

[node name="tree_cluster_105" parent="Path/tree_clusters" instance=ExtResource("6_esxvv")]
transform = Transform3D(0.17851, 0, -0.983938, 0, 1, 0, 0.983938, 0, 0.17851, 10.6642, -0.118437, -329.479)

[node name="tree_cluster_106" parent="Path/tree_clusters" instance=ExtResource("7_l077j")]
transform = Transform3D(0.812135, 0, -0.583471, 0, 1, 0, 0.583471, 0, 0.812135, 59.0228, 0.0239983, -332.994)

[node name="tree_cluster_107" parent="Path/tree_clusters" instance=ExtResource("7_l077j")]
transform = Transform3D(0.65035, 0, -0.759635, 0, 1, 0, 0.759635, 0, 0.65035, 22.3237, 0.0239983, -340.818)

[node name="tree_cluster_111" parent="Path/tree_clusters" instance=ExtResource("7_l077j")]
transform = Transform3D(-0.959497, 0, -0.281722, 0, 1, 0, 0.281722, 0, -0.959497, 23.3174, 0.0239983, -373.822)

[node name="tree_cluster_112" parent="Path/tree_clusters" instance=ExtResource("7_l077j")]
transform = Transform3D(-0.704275, 0, 0.709927, 0, 1, 0, -0.709927, 0, -0.704275, 54.8312, 0.0239983, -358.12)

[node name="tree_cluster_117" parent="Path/tree_clusters" instance=ExtResource("7_l077j")]
transform = Transform3D(0.859032, 0, 0.511923, 0, 1, 0, -0.511923, 0, 0.859032, 94.277, 0.0239983, -373.93)

[node name="tree_cluster_123" parent="Path/tree_clusters" instance=ExtResource("6_esxvv")]
transform = Transform3D(0.779688, 0, 0.626168, 0, 1, 0, -0.626168, 0, 0.779688, 45.6126, -0.118437, -427.503)

[node name="tree_cluster_125" parent="Path/tree_clusters" instance=ExtResource("7_l077j")]
transform = Transform3D(-0.999322, 0, -0.0368355, 0, 1, 0, 0.0368355, 0, -0.999322, 55.6808, 0.0239983, -448.631)

[node name="tree_cluster_122" parent="Path/tree_clusters" instance=ExtResource("7_l077j")]
transform = Transform3D(0.900448, 0, 0.434964, 0, 1, 0, -0.434964, 0, 0.900448, 46.9748, 0.0239983, -388.678)

[node name="tree_cluster_121" parent="Path/tree_clusters" instance=ExtResource("7_l077j")]
transform = Transform3D(-0.498291, 0, -0.86701, 0, 1, 0, 0.86701, 0, -0.498291, 23.6689, 0.0239983, -415.062)

[node name="tree_cluster_127" parent="Path/tree_clusters" instance=ExtResource("7_l077j")]
transform = Transform3D(0.815007, 0, -0.579452, 0, 1, 0, 0.579452, 0, 0.815007, 71.5858, 0.0239983, -454.71)

[node name="tree_cluster_128" parent="Path/tree_clusters" instance=ExtResource("7_l077j")]
transform = Transform3D(-0.881806, 0, -0.471613, 0, 1, 0, 0.471613, 0, -0.881806, -0.487976, 0.0239983, -466.5)

[node name="tree_cluster_137" parent="Path/tree_clusters" instance=ExtResource("6_esxvv")]
transform = Transform3D(0.804666, 0, -0.593728, 0, 1, 0, 0.593728, 0, 0.804666, -7.55753, -0.118437, -480.365)

[node name="tree_cluster_138" parent="Path/tree_clusters" instance=ExtResource("7_l077j")]
transform = Transform3D(0.417709, 0, -0.908581, 0, 1, 0, 0.908581, 0, 0.417709, 21.3557, 0.0239983, -496.299)

[node name="tree_cluster_140" parent="Path/tree_clusters" instance=ExtResource("7_l077j")]
transform = Transform3D(-0.123758, 0, 0.992313, 0, 1, 0, -0.992313, 0, -0.123758, 64.9692, 0.0239983, -487.821)

[node name="tree_cluster_135" parent="Path/tree_clusters" instance=ExtResource("6_esxvv")]
transform = Transform3D(-0.614106, 0, 0.789224, 0, 1, 0, -0.789224, 0, -0.614106, 97.5085, -0.118437, -496.49)

[node name="tree_cluster_136" parent="Path/tree_clusters" instance=ExtResource("7_l077j")]
transform = Transform3D(-0.750088, 0, 0.661338, 0, 1, 0, -0.661338, 0, -0.750088, 84.8608, 0.0239983, -486.314)

[node name="tree_cluster_142" parent="Path/tree_clusters" instance=ExtResource("7_l077j")]
transform = Transform3D(0.0215881, 0, -0.999767, 0, 1, 0, 0.999767, 0, 0.0215881, 28.7189, 0.0239983, -519.807)

[node name="tree_cluster_143" parent="Path/tree_clusters" instance=ExtResource("6_esxvv")]
transform = Transform3D(0.530141, 0, -0.84791, 0, 1, 0, 0.84791, 0, 0.530141, 60.9911, -0.118437, -505.601)

[node name="tree_cluster_144" parent="Path/tree_clusters" instance=ExtResource("7_l077j")]
transform = Transform3D(0.678493, 0, -0.734607, 0, 1, 0, 0.734607, 0, 0.678493, 74.6135, 0.0239983, -514.43)

[node name="tree_cluster_141" parent="Path/tree_clusters" instance=ExtResource("7_l077j")]
transform = Transform3D(-0.21013, 0, -0.977674, 0, 1, 0, 0.977674, 0, -0.21013, 102.636, 0.0239983, -513.843)

[node name="tree_cluster_118" parent="Path/tree_clusters" instance=ExtResource("7_l077j")]
transform = Transform3D(0.0630344, 0, -0.998012, 0, 1, 0, 0.998012, 0, 0.0630344, 61.2304, 0.0239983, -388.171)

[node name="tree_cluster_147" parent="Path/tree_clusters" instance=ExtResource("7_l077j")]
transform = Transform3D(0.958497, 0, -0.285103, 0, 1, 0, 0.285103, 0, 0.958497, -3.68906, 0.0239983, -525.114)

[node name="tree_cluster_155" parent="Path/tree_clusters" instance=ExtResource("7_l077j")]
transform = Transform3D(0.875574, 0, -0.483084, 0, 1, 0, 0.483084, 0, 0.875574, 5.64479, 0.0239983, -556.104)

[node name="tree_cluster_156" parent="Path/tree_clusters" instance=ExtResource("6_esxvv")]
transform = Transform3D(0.592913, 0, -0.805266, 0, 1, 0, 0.805266, 0, 0.592913, 29.4813, -0.118437, -537.423)

[node name="tree_cluster_157" parent="Path/tree_clusters" instance=ExtResource("7_l077j")]
transform = Transform3D(0.918094, 0, -0.396363, 0, 1, 0, 0.396363, 0, 0.918094, 34.9684, 0.0239983, -552.734)

[node name="tree_cluster_148" parent="Path/tree_clusters" instance=ExtResource("7_l077j")]
transform = Transform3D(-0.534028, 0, 0.845467, 0, 1, 0, -0.845467, 0, -0.534028, 5.11045, 0.0239983, -495.677)

[node name="tree_cluster_100" parent="Path/tree_clusters" instance=ExtResource("7_l077j")]
transform = Transform3D(0.994528, 0, -0.104477, 0, 1, 0, 0.104477, 0, 0.994528, -101.884, 0.0239983, -400.603)

[node name="tree_cluster_101" parent="Path/tree_clusters" instance=ExtResource("7_l077j")]
transform = Transform3D(-0.99519, 0, -0.0979648, 0, 1, 0, 0.0979648, 0, -0.99519, -113.109, 0.0239983, -402.813)

[node name="tree_cluster_150" parent="Path/tree_clusters" instance=ExtResource("6_esxvv")]
transform = Transform3D(-0.182733, 0, 0.983163, 0, 1, 0, -0.983163, 0, -0.182733, 61.5795, -0.118437, -533.344)

[node name="tree_cluster_151" parent="Path/tree_clusters" instance=ExtResource("6_esxvv")]
transform = Transform3D(-0.166063, 0, -0.986115, 0, 1, 0, 0.986115, 0, -0.166063, 81.0381, -0.118437, -542.524)

[node name="tree_cluster_158" parent="Path/tree_clusters" instance=ExtResource("6_esxvv")]
transform = Transform3D(0.735565, 0, 0.677454, 0, 1, 0, -0.677454, 0, 0.735565, 46.7752, -0.118437, -605.047)

[node name="tree_cluster_159" parent="Path/tree_clusters" instance=ExtResource("7_l077j")]
transform = Transform3D(0.919774, 0, 0.392449, 0, 1, 0, -0.392449, 0, 0.919774, 56.7165, 0.0239983, -592.942)

[node name="tree_cluster_160" parent="Path/tree_clusters" instance=ExtResource("7_l077j")]
transform = Transform3D(-0.61801, 0, 0.78617, 0, 1, 0, -0.78617, 0, -0.61801, 30.3629, 0.0239983, -602.114)

[node name="tree_cluster_161" parent="Path/tree_clusters" instance=ExtResource("7_l077j")]
transform = Transform3D(-0.921314, 0, 0.388819, 0, 1, 0, -0.388819, 0, -0.921314, 10.4863, 0.0239983, -597.654)

[node name="tree_cluster_165" parent="Path/tree_clusters" instance=ExtResource("7_l077j")]
transform = Transform3D(-0.921314, 0, 0.388819, 0, 1, 0, -0.388819, 0, -0.921314, 2.80402, 0.0239983, -564.477)

[node name="tree_cluster_162" parent="Path/tree_clusters" instance=ExtResource("7_l077j")]
transform = Transform3D(-0.999637, 0, -0.0269446, 0, 1, 0, 0.0269446, 0, -0.999637, 55.6361, 0.0239983, -578.659)

[node name="tree_cluster_163" parent="Path/tree_clusters" instance=ExtResource("7_l077j")]
transform = Transform3D(0.986478, 0, -0.163895, 0, 1, 0, 0.163895, 0, 0.986478, 52.5349, 0.0239983, -562.727)

[node name="tree_cluster_164" parent="Path/tree_clusters" instance=ExtResource("6_esxvv")]
transform = Transform3D(1, 0, -0.000209421, 0, 1, 0, 0.000209421, 0, 1, -2.01287, -0.118437, -581.476)

[node name="tree_cluster_152" parent="Path/tree_clusters" instance=ExtResource("7_l077j")]
transform = Transform3D(-0.965172, 0, 0.261617, 0, 1, 0, -0.261617, 0, -0.965172, 97.8145, 0.0239983, -541.257)

[node name="tree_cluster_75" parent="Path/tree_clusters" instance=ExtResource("7_l077j")]
transform = Transform3D(-0.701581, 0, -0.71259, 0, 1, 0, 0.71259, 0, -0.701581, -10.8879, 0.0239945, 201.332)

[node name="piles_of_snow" parent="Path" instance=ExtResource("9_q8h2x")]

[node name="bushes" type="Node3D" parent="Path"]

[node name="bush9" parent="Path/bushes" instance=ExtResource("9_ihu87")]
transform = Transform3D(1, 0, 0, 0, 1, 0, 0, 0, 1, 17.2971, 0, 150.688)

[node name="bush10" parent="Path/bushes" instance=ExtResource("9_ihu87")]
transform = Transform3D(1, 0, 0, 0, 1, 0, 0, 0, 1, 28.3378, 0, 137.945)

[node name="bush11" parent="Path/bushes" instance=ExtResource("9_ihu87")]
transform = Transform3D(1, 0, 0, 0, 1, 0, 0, 0, 1, 28.7742, 0, 145.146)

[node name="bush12" parent="Path/bushes" instance=ExtResource("9_ihu87")]
transform = Transform3D(1, 0, 0, 0, 1, 0, 0, 0, 1, 39.0294, 0, 124.243)

[node name="bush13" parent="Path/bushes" instance=ExtResource("9_ihu87")]
transform = Transform3D(1, 0, 0, 0, 1, 0, 0, 0, 1, 41.5605, 0, 130.745)

[node name="bush14" parent="Path/bushes" instance=ExtResource("9_ihu87")]
transform = Transform3D(1, 0, 0, 0, 1, 0, 0, 0, 1, 17.3408, 0, 115.558)

[node name="bush16" parent="Path/bushes" instance=ExtResource("9_ihu87")]
transform = Transform3D(1, 0, 0, 0, 1, 0, 0, 0, 1, 25.5886, 0, 111.893)

[node name="bush17" parent="Path/bushes" instance=ExtResource("9_ihu87")]
transform = Transform3D(1, 0, 0, 0, 1, 0, 0, 0, 1, 41.1608, 0, -465.049)

[node name="bush46" parent="Path/bushes" instance=ExtResource("9_ihu87")]
transform = Transform3D(1, 0, 0, 0, 1, 0, 0, 0, 1, 37.1598, 0, -458.244)

[node name="bush47" parent="Path/bushes" instance=ExtResource("9_ihu87")]
transform = Transform3D(1, 0, 0, 0, 1, 0, 0, 0, 1, 39.7929, 0, -459.304)

[node name="bush48" parent="Path/bushes" instance=ExtResource("9_ihu87")]
transform = Transform3D(1, 0, 0, 0, 1, 0, 0, 0, 1, 31.4831, 0, -485.636)

[node name="bush49" parent="Path/bushes" instance=ExtResource("9_ihu87")]
transform = Transform3D(1, 0, 0, 0, 1, 0, 0, 0, 1, 27.2427, 0, -481.327)

[node name="bush50" parent="Path/bushes" instance=ExtResource("9_ihu87")]
transform = Transform3D(1, 0, 0, 0, 1, 0, 0, 0, 1, 27.5162, 0, -486.696)

[node name="bush51" parent="Path/bushes" instance=ExtResource("9_ihu87")]
transform = Transform3D(1, 0, 0, 0, 1, 0, 0, 0, 1, 19.9245, 0, -472.88)

[node name="bush52" parent="Path/bushes" instance=ExtResource("9_ihu87")]
transform = Transform3D(1, 0, 0, 0, 1, 0, 0, 0, 1, 55.6261, 0, -465.938)

[node name="bush53" parent="Path/bushes" instance=ExtResource("9_ihu87")]
transform = Transform3D(1, 0, 0, 0, 1, 0, 0, 0, 1, 50.1888, 0, -466.314)

[node name="bush18" parent="Path/bushes" instance=ExtResource("9_ihu87")]
transform = Transform3D(1, 0, 0, 0, 1, 0, 0, 0, 1, -113.76, 0, -354.856)

[node name="bush20" parent="Path/bushes" instance=ExtResource("9_ihu87")]
transform = Transform3D(1, 0, 0, 0, 1, 0, 0, 0, 1, -106.569, 0, -365.586)

[node name="bush21" parent="Path/bushes" instance=ExtResource("9_ihu87")]
transform = Transform3D(1, 0, 0, 0, 1, 0, 0, 0, 1, -99.4992, 0, -362.447)

[node name="bush22" parent="Path/bushes" instance=ExtResource("9_ihu87")]
transform = Transform3D(1, 0, 0, 0, 1, 0, 0, 0, 1, -95.245, 0, -369.443)

[node name="bush23" parent="Path/bushes" instance=ExtResource("9_ihu87")]
transform = Transform3D(1, 0, 0, 0, 1, 0, 0, 0, 1, -89.3088, -1.90735e-06, -362.072)

[node name="bush24" parent="Path/bushes" instance=ExtResource("9_ihu87")]
transform = Transform3D(1, 0, 0, 0, 1, 0, 0, 0, 1, -84.1317, -1.90735e-06, -353.018)

[node name="bush25" parent="Path/bushes" instance=ExtResource("9_ihu87")]
transform = Transform3D(1, 0, 0, 0, 1, 0, 0, 0, 1, -139.446, -1.90735e-06, -371.977)

[node name="bush26" parent="Path/bushes" instance=ExtResource("9_ihu87")]
transform = Transform3D(1, 0, 0, 0, 1, 0, 0, 0, 1, -145.584, -3.8147e-06, -359.549)

[node name="bush27" parent="Path/bushes" instance=ExtResource("9_ihu87")]
transform = Transform3D(1, 0, 0, 0, 1, 0, 0, 0, 1, -144.308, -5.72205e-06, -362.205)

[node name="bush28" parent="Path/bushes" instance=ExtResource("9_ihu87")]
transform = Transform3D(1, 0, 0, 0, 1, 0, 0, 0, 1, -145.946, -5.72205e-06, -351.976)

[node name="bush29" parent="Path/bushes" instance=ExtResource("9_ihu87")]
transform = Transform3D(1, 0, 0, 0, 1, 0, 0, 0, 1, -145.437, -5.72205e-06, -350.087)

[node name="bush30" parent="Path/bushes" instance=ExtResource("9_ihu87")]
transform = Transform3D(1, 0, 0, 0, 1, 0, 0, 0, 1, -143.566, -5.72205e-06, -353.119)

[node name="bush31" parent="Path/bushes" instance=ExtResource("9_ihu87")]
transform = Transform3D(1, 0, 0, 0, 1, 0, 0, 0, 1, -144.595, -5.72205e-06, -335.855)

[node name="bush32" parent="Path/bushes" instance=ExtResource("9_ihu87")]
transform = Transform3D(1, 0, 0, 0, 1, 0, 0, 0, 1, -143.277, -5.72205e-06, -338.49)

[node name="bush33" parent="Path/bushes" instance=ExtResource("9_ihu87")]
transform = Transform3D(1, 0, 0, 0, 1, 0, 0, 0, 1, -110.344, -5.72205e-06, -347.17)

[node name="bush34" parent="Path/bushes" instance=ExtResource("9_ihu87")]
transform = Transform3D(1, 0, 0, 0, 1, 0, 0, 0, 1, -110.205, -5.72205e-06, -340.804)

[node name="bush35" parent="Path/bushes" instance=ExtResource("9_ihu87")]
transform = Transform3D(1, 0, 0, 0, 1, 0, 0, 0, 1, -111.822, -5.72205e-06, -357.915)

[node name="bush36" parent="Path/bushes" instance=ExtResource("9_ihu87")]
transform = Transform3D(1, 0, 0, 0, 1, 0, 0, 0, 1, -97.2168, -5.72205e-06, -359.725)

[node name="bush19" parent="Path/bushes" instance=ExtResource("9_ihu87")]
transform = Transform3D(1, 0, 0, 0, 1, 0, 0, 0, 1, -110.906, 0, -345.591)

[node name="bush37" parent="Path/bushes" instance=ExtResource("9_ihu87")]
transform = Transform3D(1, 0, 0, 0, 1, 0, 0, 0, 1, -113.56, 0, -338.719)

[node name="bush38" parent="Path/bushes" instance=ExtResource("9_ihu87")]
transform = Transform3D(1, 0, 0, 0, 1, 0, 0, 0, 1, -108.862, 0, -330.735)

[node name="bush39" parent="Path/bushes" instance=ExtResource("9_ihu87")]
transform = Transform3D(1, 0, 0, 0, 1, 0, 0, 0, 1, -106.929, 0, -331.709)

[node name="bush40" parent="Path/bushes" instance=ExtResource("9_ihu87")]
transform = Transform3D(1, 0, 0, 0, 1, 0, 0, 0, 1, -101.029, 0, -328.962)

[node name="bush41" parent="Path/bushes" instance=ExtResource("9_ihu87")]
transform = Transform3D(1, 0, 0, 0, 1, 0, 0, 0, 1, -92.9011, 0, -331.646)

[node name="bush42" parent="Path/bushes" instance=ExtResource("9_ihu87")]
transform = Transform3D(1, 0, 0, 0, 1, 0, 0, 0, 1, -88.3393, 0, -335.181)

[node name="bush43" parent="Path/bushes" instance=ExtResource("9_ihu87")]
transform = Transform3D(1, 0, 0, 0, 1, 0, 0, 0, 1, 89.571, 0, -112.071)

[node name="bush44" parent="Path/bushes" instance=ExtResource("9_ihu87")]
transform = Transform3D(1, 0, 0, 0, 1, 0, 0, 0, 1, 83.9178, 0, -125.907)

[node name="bush45" parent="Path/bushes" instance=ExtResource("9_ihu87")]
transform = Transform3D(1, 0, 0, 0, 1, 0, 0, 0, 1, 93.2005, 0, -121.639)

[node name="bush54" parent="Path/bushes" instance=ExtResource("9_ihu87")]
transform = Transform3D(1, 0, 0, 0, 1, 0, 0, 0, 1, 93.4425, 0, -104.064)

[node name="bush55" parent="Path/bushes" instance=ExtResource("9_ihu87")]
transform = Transform3D(1, 0, 0, 0, 1, 0, 0, 0, 1, 60.6891, 0, -122.211)

[node name="bush56" parent="Path/bushes" instance=ExtResource("9_ihu87")]
transform = Transform3D(1, 0, 0, 0, 1, 0, 0, 0, 1, 56.7516, 0, -115.48)

[node name="bush57" parent="Path/bushes" instance=ExtResource("9_ihu87")]
transform = Transform3D(1, 0, 0, 0, 1, 0, 0, 0, 1, 65.7704, 0, -113.346)

[node name="bush58" parent="Path/bushes" instance=ExtResource("9_ihu87")]
transform = Transform3D(1, 0, 0, 0, 1, 0, 0, 0, 1, 58.8372, 0, -81.2736)

[node name="bush59" parent="Path/bushes" instance=ExtResource("9_ihu87")]
transform = Transform3D(1, 0, 0, 0, 1, 0, 0, 0, 1, 91.1783, 0, -110.334)

[node name="bush60" parent="Path/bushes" instance=ExtResource("9_ihu87")]
transform = Transform3D(1, 0, 0, 0, 1, 0, 0, 0, 1, 88.5321, 0, -109.021)

[node name="bush_clusters" type="Node3D" parent="Path/bushes"]

[node name="bush_cluster_3" parent="Path/bushes/bush_clusters" instance=ExtResource("11_5h5pj")]
transform = Transform3D(-0.939896, 0, 0.341463, 0, 1, 0, -0.341463, 0, -0.939896, 27.3263, 0, 226.325)

[node name="bush_cluster_5" parent="Path/bushes/bush_clusters" instance=ExtResource("11_5h5pj")]
transform = Transform3D(-0.15926, 0, 0.987237, 0, 1, 0, -0.987237, 0, -0.15926, 39.2733, 0, 224.849)

[node name="bush_cluster_6" parent="Path/bushes/bush_clusters" instance=ExtResource("11_5h5pj")]
transform = Transform3D(-0.505988, 0, -0.86254, 0, 1, 0, 0.86254, 0, -0.505988, 55.1581, 0, 206.724)

[node name="bush_cluster_7" parent="Path/bushes/bush_clusters" instance=ExtResource("11_5h5pj")]
transform = Transform3D(-0.140228, 0, 0.990119, 0, 1, 0, -0.990119, 0, -0.140228, 38.2996, -9.53674e-07, 196.997)

[node name="bush_cluster_8" parent="Path/bushes/bush_clusters" instance=ExtResource("11_5h5pj")]
transform = Transform3D(0.949014, 0, -0.315235, 0, 1, 0, 0.315235, 0, 0.949014, 30.2683, 1.90735e-06, 194.015)

[node name="bush_cluster_11" parent="Path/bushes/bush_clusters" instance=ExtResource("11_5h5pj")]
transform = Transform3D(0.770791, 0, 0.637088, 0, 1, 0, -0.637088, 0, 0.770791, 41.0268, 0, -592.314)

[node name="bush_cluster_12" parent="Path/bushes/bush_clusters" instance=ExtResource("11_5h5pj")]
transform = Transform3D(-0.986222, 0, -0.165426, 0, 1, 0, 0.165426, 0, -0.986222, 19.42, 0, -588.391)

[node name="bush_cluster_13" parent="Path/bushes/bush_clusters" instance=ExtResource("11_5h5pj")]
transform = Transform3D(-0.498397, 0, 0.866949, 0, 1, 0, -0.866949, 0, -0.498397, 43.3759, 0, -575.444)

[node name="bush_cluster_14" parent="Path/bushes/bush_clusters" instance=ExtResource("11_5h5pj")]
transform = Transform3D(0.434823, 0, -0.900516, 0, 1, 0, 0.900516, 0, 0.434823, 17.1118, 0, -572.735)

[node name="rocks" type="Node3D" parent="Path"]

[node name="rock6" parent="Path/rocks" instance=ExtResource("10_e7xes")]
transform = Transform3D(1, 0, 0, 0, 1, 0, 0, 0, 1, 23.2961, 0, 146.922)

[node name="rock7" parent="Path/rocks" instance=ExtResource("10_e7xes")]
transform = Transform3D(1, 0, 0, 0, 1, 0, 0, 0, 1, 37.1851, 0, 136.53)

[node name="rock8" parent="Path/rocks" instance=ExtResource("10_e7xes")]
transform = Transform3D(1, 0, 0, 0, 1, 0, 0, 0, 1, 16.1432, 0, 123.346)

[node name="rock11" parent="Path/rocks" instance=ExtResource("10_e7xes")]
