[gd_scene load_steps=15 format=3 uid="uid://b7lmp3ynu4ubs"]

[ext_resource type="Script" path="res://scripts/game_scene.gd" id="1_03cmh"]
[ext_resource type="Material" uid="uid://dtvnutqkcg0ig" path="res://assets/SnowyNoise1k/Snow.tres" id="1_lfgo5"]
[ext_resource type="PackedScene" uid="uid://cvt7xsdtis6bo" path="res://scenes/models-scenes/cabin_block.tscn" id="2_rkg7s"]
[ext_resource type="PackedScene" uid="uid://4478f05ggc05" path="res://scenes/models-scenes/static-mesh/watertower.dae" id="3_t7f0h"]
[ext_resource type="PackedScene" uid="uid://bynfws7xny3na" path="res://scenes/models-scenes/static-mesh/signpost.dae" id="4_yyxpq"]
[ext_resource type="PackedScene" uid="uid://caq87jdqc3dq4" path="res://scenes/models-scenes/static-mesh/walkietalkie.dae" id="5_ex4ju"]
[ext_resource type="PackedScene" uid="uid://v8vhjw8p10tk" path="res://scenes/tree_cluster_1.tscn" id="6_esxvv"]
[ext_resource type="PackedScene" uid="uid://c8jro3t78ginl" path="res://scenes/tree_cluster_2.tscn" id="7_l077j"]
[ext_resource type="PackedScene" uid="uid://duncwvbetu8bt" path="res://scenes/models-scenes/static-mesh/pileofsnow.dae" id="8_bbg65"]
[ext_resource type="PackedScene" uid="uid://bry0febas86xs" path="res://scenes/models-scenes/bush_block.tscn" id="9_ihu87"]
[ext_resource type="PackedScene" uid="uid://cqf6x7wc6858t" path="res://scenes/models-scenes/rock_block.tscn" id="10_e7xes"]
[ext_resource type="PackedScene" uid="uid://t8h7n1ckwnbm" path="res://scenes/bush_cluster_1.tscn" id="11_5h5pj"]
[ext_resource type="PackedScene" uid="uid://b7qmc6himhisa" path="res://scenes/player.tscn" id="12_clta6"]
[ext_resource type="PackedScene" uid="uid://cvnbi1gnk7okv" path="res://scenes/dialog_trigger.tscn" id="14_utow1"]

[node name="GameScene" type="Node3D"]
script = ExtResource("1_03cmh")

[node name="DirectionalLight3D" type="DirectionalLight3D" parent="."]
transform = Transform3D(-0.866025, -0.433013, 0.25, -0.0989827, 0.638578, 0.763165, -0.490105, 0.636174, -0.595886, 0, 6.43107, 0)
light_energy = 10.0
shadow_enabled = true

[node name="CSGBox3D" type="CSGBox3D" parent="."]
transform = Transform3D(1, 0, 0, 0, 1, 0, 0, 0, 1, -47.1718, -0.470215, -222.263)
material_override = ExtResource("1_lfgo5")
size = Vector3(400, 0.1, 1000)

[node name="cabin" parent="." instance=ExtResource("2_rkg7s")]
transform = Transform3D(-0.868463, 0, 0.493356, 0, 0.998814, 0, -0.493356, 0, -0.868463, 48.7159, -0.373137, 216.811)

[node name="watertower" parent="." instance=ExtResource("3_t7f0h")]
transform = Transform3D(0.928674, 0, -0.370898, 0, 1, 0, 0.370898, 0, 0.928674, 31.3711, 0, -575.042)

[node name="signpost" parent="." instance=ExtResource("4_yyxpq")]
transform = Transform3D(1.5, 0, 0, 0, 1.5, 0, 0, 0, 1.5, 9.82868, 0, 138.388)

[node name="walkietalkie" parent="." instance=ExtResource("5_ex4ju")]
transform = Transform3D(1, 0, 0, 0, 1, 0, 0, 0, 1, 10.4555, -0.00893903, 138.993)

[node name="Path" type="Node3D" parent="."]

[node name="tree_clusters" type="Node3D" parent="Path"]

[node name="tree_cluster_3" parent="Path/tree_clusters" instance=ExtResource("6_esxvv")]
transform = Transform3D(-0.994215, 0, -0.107409, 0, 1, 0, 0.107409, 0, -0.994215, 23.7787, -0.0170135, 163.294)

[node name="tree_cluster_4" parent="Path/tree_clusters" instance=ExtResource("6_esxvv")]
transform = Transform3D(0.605961, 0, -0.795495, 0, 1, 0, 0.795495, 0, 0.605961, 50.1513, -0.0170135, 134.855)

[node name="tree_cluster_7" parent="Path/tree_clusters" instance=ExtResource("6_esxvv")]
transform = Transform3D(0.605961, 0, -0.795495, 0, 1, 0, 0.795495, 0, 0.605961, 62.2728, -0.118437, 108.479)

[node name="tree_cluster_9" parent="Path/tree_clusters" instance=ExtResource("6_esxvv")]
transform = Transform3D(0.944686, 0, -0.327976, 0, 1, 0, 0.327976, 0, 0.944686, 75.9569, -0.118437, 74.5429)

[node name="tree_cluster_11" parent="Path/tree_clusters" instance=ExtResource("6_esxvv")]
transform = Transform3D(0.903455, 0, 0.428683, 0, 1, 0, -0.428683, 0, 0.903455, 59.1939, -0.118437, 39.1011)

[node name="tree_cluster_13" parent="Path/tree_clusters" instance=ExtResource("6_esxvv")]
transform = Transform3D(0.738302, 0, 0.67447, 0, 1, 0, -0.67447, 0, 0.738302, 25.6993, -0.118437, 18.1011)

[node name="tree_cluster_2" parent="Path/tree_clusters" instance=ExtResource("7_l077j")]
transform = Transform3D(1, 0, 0, 0, 1, 0, 0, 0, 1, 5.42366, 0, 167.031)

[node name="tree_cluster_5" parent="Path/tree_clusters" instance=ExtResource("7_l077j")]
transform = Transform3D(1, 0, 0, 0, 1, 0, 0, 0, 1, 35.4682, 0, 150.425)

[node name="tree_cluster_6" parent="Path/tree_clusters" instance=ExtResource("7_l077j")]
transform = Transform3D(0.89523, 0, 0.445604, 0, 1, 0, -0.445604, 0, 0.89523, 49.4342, 0, 119.422)

[node name="tree_cluster_8" parent="Path/tree_clusters" instance=ExtResource("7_l077j")]
transform = Transform3D(1, 0, 0, 0, 1, 0, 0, 0, 1, 69.3535, 0.0239983, 93.5297)

[node name="tree_cluster_10" parent="Path/tree_clusters" instance=ExtResource("7_l077j")]
transform = Transform3D(0.429455, 0, 0.903088, 0, 1, 0, -0.903088, 0, 0.429455, 69.9693, 0.0239983, 58.7037)

[node name="tree_cluster_12" parent="Path/tree_clusters" instance=ExtResource("7_l077j")]
transform = Transform3D(-0.126164, 0, 0.992009, 0, 1, 0, -0.992009, 0, -0.126164, 43.6899, 0.0239983, 30.1953)

[node name="tree_cluster_14" parent="Path/tree_clusters" instance=ExtResource("6_esxvv")]
transform = Transform3D(0.988204, 0, -0.153141, 0, 1, 0, 0.153141, 0, 0.988204, 8.84476, -0.118437, -11.8752)

[node name="tree_cluster_15" parent="Path/tree_clusters" instance=ExtResource("7_l077j")]
transform = Transform3D(0.694332, 0, 0.719655, 0, 1, 0, -0.719655, 0, 0.694332, 10.6839, 0.0239983, 9.72447)

[node name="tree_cluster_16" parent="Path/tree_clusters" instance=ExtResource("6_esxvv")]
transform = Transform3D(0.694106, 0, -0.719873, 0, 1, 0, 0.719873, 0, 0.694106, 12.7934, -0.118437, -46.5942)

[node name="tree_cluster_17" parent="Path/tree_clusters" instance=ExtResource("7_l077j")]
transform = Transform3D(0.902014, 0, 0.431708, 0, 1, 0, -0.431708, 0, 0.902014, 6.618, 0.0239983, -28.5875)

[node name="tree_cluster_18" parent="Path/tree_clusters" instance=ExtResource("6_esxvv")]
transform = Transform3D(0.52296, 0, -0.852357, 0, 1, 0, 0.852357, 0, 0.52296, 26.0135, -0.118437, -58.3647)

[node name="tree_cluster_19" parent="Path/tree_clusters" instance=ExtResource("6_esxvv")]
transform = Transform3D(-0.0993893, 0, -0.995049, 0, 1, 0, 0.995049, 0, -0.0993893, 55.033, -0.118437, -77.8293)

[node name="tree_cluster_20" parent="Path/tree_clusters" instance=ExtResource("7_l077j")]
transform = Transform3D(0.912948, 0, -0.408076, 0, 1, 0, 0.408076, 0, 0.912948, 37.3105, 0.0239983, -70.8802)

[node name="tree_cluster_21" parent="Path/tree_clusters" instance=ExtResource("6_esxvv")]
transform = Transform3D(0.52296, 0, -0.852357, 0, 1, 0, 0.852357, 0, 0.52296, 70.1841, -0.118437, -85.9933)

[node name="tree_cluster_22" parent="Path/tree_clusters" instance=ExtResource("6_esxvv")]
transform = Transform3D(0.982839, 0, -0.184466, 0, 1, 0, 0.184466, 0, 0.982839, 105.105, -0.118437, -115.919)

[node name="tree_cluster_23" parent="Path/tree_clusters" instance=ExtResource("7_l077j")]
transform = Transform3D(0.638888, 0, -0.769299, 0, 1, 0, 0.769299, 0, 0.638888, 104.206, 0.0239983, -100.139)

[node name="tree_cluster_24" parent="Path/tree_clusters" instance=ExtResource("7_l077j")]
transform = Transform3D(0.260572, 0, 0.965454, 0, 1, 0, -0.965454, 0, 0.260572, 96.9089, 0.0239983, -131.169)

[node name="tree_cluster_25" parent="Path/tree_clusters" instance=ExtResource("6_esxvv")]
transform = Transform3D(0.886898, 0, 0.461965, 0, 1, 0, -0.461965, 0, 0.886898, 81.5325, -0.118437, -147.203)

[node name="tree_cluster_26" parent="Path/tree_clusters" instance=ExtResource("7_l077j")]
transform = Transform3D(0.260572, 0, 0.965454, 0, 1, 0, -0.965454, 0, 0.260572, 68.6366, 0.0239983, -156.891)

[node name="tree_cluster_27" parent="Path/tree_clusters" instance=ExtResource("6_esxvv")]
transform = Transform3D(0.839876, 0, -0.542779, 0, 1, 0, 0.542779, 0, 0.839876, 67.402, -0.118437, -176.746)

[node name="tree_cluster_28" parent="Path/tree_clusters" instance=ExtResource("7_l077j")]
transform = Transform3D(0.867809, 0, 0.496898, 0, 1, 0, -0.496898, 0, 0.867809, 64.0686, 0.0239983, -195.16)

[node name="tree_cluster_29" parent="Path/tree_clusters" instance=ExtResource("6_esxvv")]
transform = Transform3D(0.945473, 0, -0.3257, 0, 1, 0, 0.3257, 0, 0.945473, 65.1849, -0.118437, -213.715)

[node name="tree_cluster_30" parent="Path/tree_clusters" instance=ExtResource("7_l077j")]
transform = Transform3D(0.398461, 0, 0.917185, 0, 1, 0, -0.917185, 0, 0.398461, 54.5526, 0.0239983, -225.534)

[node name="tree_cluster_31" parent="Path/tree_clusters" instance=ExtResource("6_esxvv")]
transform = Transform3D(0.824936, 0, 0.565226, 0, 1, 0, -0.565226, 0, 0.824936, 42.5, -0.118437, -237.971)

[node name="tree_cluster_32" parent="Path/tree_clusters" instance=ExtResource("7_l077j")]
transform = Transform3D(-0.499153, 0, 0.866514, 0, 1, 0, -0.866514, 0, -0.499153, 26.673, 0.0239983, -236.475)

[node name="tree_cluster_33" parent="Path/tree_clusters" instance=ExtResource("6_esxvv")]
transform = Transform3D(0.377922, 0, 0.925838, 0, 1, 0, -0.925838, 0, 0.377922, 8.40325, -0.118437, -238.505)

[node name="tree_cluster_34" parent="Path/tree_clusters" instance=ExtResource("7_l077j")]
transform = Transform3D(-0.893536, 0, 0.448992, 0, 1, 0, -0.448992, 0, -0.893536, -3.99023, 0.0239983, -228.549)

[node name="tree_cluster_35" parent="Path/tree_clusters" instance=ExtResource("6_esxvv")]
transform = Transform3D(-0.383264, 0, 0.923638, 0, 1, 0, -0.923638, 0, -0.383264, -18.7372, -0.118437, -232.68)

[node name="tree_cluster_36" parent="Path/tree_clusters" instance=ExtResource("7_l077j")]
transform = Transform3D(-0.976982, 0, -0.21332, 0, 1, 0, 0.21332, 0, -0.976982, -29.0104, 0.0239983, -246.104)

[node name="tree_cluster_37" parent="Path/tree_clusters" instance=ExtResource("6_esxvv")]
transform = Transform3D(-0.756378, 0, -0.654133, 0, 1, 0, 0.654133, 0, -0.756378, -32.357, -0.118437, -207.616)

[node name="tree_cluster_76" parent="Path/tree_clusters" instance=ExtResource("6_esxvv")]
transform = Transform3D(-0.0104368, 0, 0.999945, 0, 1, 0, -0.999945, 0, -0.0104368, -13.5425, -0.118437, -202.678)

[node name="tree_cluster_39" parent="Path/tree_clusters" instance=ExtResource("6_esxvv")]
transform = Transform3D(-0.991447, 0, -0.130509, 0, 1, 0, 0.130509, 0, -0.991447, -29.501, -0.118437, -263.606)

[node name="tree_cluster_38" parent="Path/tree_clusters" instance=ExtResource("7_l077j")]
transform = Transform3D(-0.237686, 0, 0.971342, 0, 1, 0, -0.971342, 0, -0.237686, 7.74953, 0.0239983, -206.816)

[node name="tree_cluster_40" parent="Path/tree_clusters" instance=ExtResource("6_esxvv")]
transform = Transform3D(0.205043, 0, -0.978753, 0, 1, 0, 0.978753, 0, 0.205043, 33.111, -0.118437, -200.016)

[node name="tree_cluster_41" parent="Path/tree_clusters" instance=ExtResource("7_l077j")]
transform = Transform3D(0.75769, 0, -0.652615, 0, 1, 0, 0.652615, 0, 0.75769, 22.5555, 0.0239983, -211.558)

[node name="tree_cluster_42" parent="Path/tree_clusters" instance=ExtResource("6_esxvv")]
transform = Transform3D(-0.996549, 0, 0.0829991, 0, 1, 0, -0.0829991, 0, -0.996549, 37.5251, -0.118437, -163.054)

[node name="tree_cluster_43" parent="Path/tree_clusters" instance=ExtResource("7_l077j")]
transform = Transform3D(0.999633, 0, -0.0271018, 0, 1, 0, 0.0271018, 0, 0.999633, 34.7362, 0.0239983, -182.267)

[node name="tree_cluster_44" parent="Path/tree_clusters" instance=ExtResource("7_l077j")]
transform = Transform3D(-0.515681, 0, -0.856781, 0, 1, 0, 0.856781, 0, -0.515681, 45.3943, 0.0239983, -147.795)

[node name="tree_cluster_45" parent="Path/tree_clusters" instance=ExtResource("6_esxvv")]
transform = Transform3D(0.657086, 0, 0.753816, 0, 1, 0, -0.753816, 0, 0.657086, 44.5785, -0.118437, -128.823)

[node name="tree_cluster_47" parent="Path/tree_clusters" instance=ExtResource("6_esxvv")]
transform = Transform3D(0.90066, 0, 0.434524, 0, 1, 0, -0.434524, 0, 0.90066, -56.6815, -0.118437, -239.587)

[node name="tree_cluster_46" parent="Path/tree_clusters" instance=ExtResource("7_l077j")]
transform = Transform3D(-0.550044, 0, -0.835136, 0, 1, 0, 0.835136, 0, -0.550044, 47.4262, 0.0239983, -111.317)

[node name="tree_cluster_48" parent="Path/tree_clusters" instance=ExtResource("7_l077j")]
transform = Transform3D(-0.939836, 0, 0.341627, 0, 1, 0, -0.341627, 0, -0.939836, 41.0345, 0.0239983, -97.9914)

[node name="tree_cluster_49" parent="Path/tree_clusters" instance=ExtResource("6_esxvv")]
transform = Transform3D(-0.565125, 0, 0.825005, 0, 1, 0, -0.825005, 0, -0.565125, 22.0318, -0.118437, -85.0502)

[node name="tree_cluster_50" parent="Path/tree_clusters" instance=ExtResource("7_l077j")]
transform = Transform3D(-0.859549, 0, 0.511053, 0, 1, 0, -0.511053, 0, -0.859549, 9.89505, 0.0239983, -74.259)

[node name="tree_cluster_51" parent="Path/tree_clusters" instance=ExtResource("6_esxvv")]
transform = Transform3D(-0.565125, 0, 0.825005, 0, 1, 0, -0.825005, 0, -0.565125, -7.09893, -0.118437, -61.955)

[node name="tree_cluster_52" parent="Path/tree_clusters" instance=ExtResource("7_l077j")]
transform = Transform3D(-0.546219, 0, 0.837642, 0, 1, 0, -0.837642, 0, -0.546219, 92.3229, 0.0239983, -91.1971)

[node name="tree_cluster_129" parent="Path/tree_clusters" instance=ExtResource("6_esxvv")]
transform = Transform3D(0.982839, 0, -0.184466, 0, 1, 0, 0.184466, 0, 0.982839, 133.246, -0.118437, -504.233)

[node name="tree_cluster_130" parent="Path/tree_clusters" instance=ExtResource("7_l077j")]
transform = Transform3D(0.864555, 0, -0.502538, 0, 1, 0, 0.502538, 0, 0.864555, 129.488, 0.0239983, -489.026)

[node name="tree_cluster_131" parent="Path/tree_clusters" instance=ExtResource("7_l077j")]
transform = Transform3D(0.260572, 0, 0.965454, 0, 1, 0, -0.965454, 0, 0.260572, 126.408, 0.0239983, -520.202)

[node name="tree_cluster_153" parent="Path/tree_clusters" instance=ExtResource("7_l077j")]
transform = Transform3D(-0.239279, 0, 0.970951, 0, 1, 0, -0.970951, 0, -0.239279, 110.948, 0.0239983, -533.467)

[node name="tree_cluster_132" parent="Path/tree_clusters" instance=ExtResource("7_l077j")]
transform = Transform3D(-0.801055, 0, 0.59859, 0, 1, 0, -0.59859, 0, -0.801055, 121.407, 0.0239983, -476.542)

[node name="tree_cluster_133" parent="Path/tree_clusters" instance=ExtResource("7_l077j")]
transform = Transform3D(0.55993, 0, -0.82854, 0, 1, 0, 0.82854, 0, 0.55993, 103.6, 0.0239983, -468.992)

[node name="tree_cluster_134" parent="Path/tree_clusters" instance=ExtResource("7_l077j")]
transform = Transform3D(-0.460974, 0, 0.887413, 0, 1, 0, -0.887413, 0, -0.460974, 90.8927, 0.0239983, -461.265)

[node name="tree_cluster_145" parent="Path/tree_clusters" instance=ExtResource("7_l077j")]
transform = Transform3D(0.990906, 0, 0.134557, 0, 1, 0, -0.134557, 0, 0.990906, 88.2126, 0.0239983, -510.511)

[node name="tree_cluster_53" parent="Path/tree_clusters" instance=ExtResource("6_esxvv")]
transform = Transform3D(-0.919863, 0, 0.392241, 0, 1, 0, -0.392241, 0, -0.919863, -58.9958, -0.118437, -258.555)

[node name="tree_cluster_78" parent="Path/tree_clusters" instance=ExtResource("6_esxvv")]
transform = Transform3D(0.998682, 0, 0.0513247, 0, 1, 0, -0.0513247, 0, 0.998682, -58.2583, -0.118437, -278.039)

[node name="tree_cluster_85" parent="Path/tree_clusters" instance=ExtResource("6_esxvv")]
transform = Transform3D(-0.299507, 0, -0.954094, 0, 1, 0, 0.954094, 0, -0.299507, -84.4224, -0.118437, -307.277)

[node name="tree_cluster_79" parent="Path/tree_clusters" instance=ExtResource("6_esxvv")]
transform = Transform3D(-0.695825, 0, 0.718211, 0, 1, 0, -0.718211, 0, -0.695825, -53.0372, -0.118437, -296.42)

[node name="tree_cluster_86" parent="Path/tree_clusters" instance=ExtResource("6_esxvv")]
transform = Transform3D(0.863801, 0, -0.503834, 0, 1, 0, 0.503834, 0, 0.863801, -67.438, -0.118437, -308.16)

[node name="tree_cluster_113" parent="Path/tree_clusters" instance=ExtResource("6_esxvv")]
transform = Transform3D(0.339247, 0, -0.940697, 0, 1, 0, 0.940697, 0, 0.339247, 76.8991, -0.118437, -341.629)

[node name="tree_cluster_114" parent="Path/tree_clusters" instance=ExtResource("6_esxvv")]
transform = Transform3D(-0.835577, 0, -0.549373, 0, 1, 0, 0.549373, 0, -0.835577, 92.9059, -0.118437, -393.983)

[node name="tree_cluster_115" parent="Path/tree_clusters" instance=ExtResource("6_esxvv")]
transform = Transform3D(-0.85366, 0, 0.520831, 0, 1, 0, -0.520831, 0, -0.85366, 92.7174, -0.118437, -353.556)

[node name="tree_cluster_116" parent="Path/tree_clusters" instance=ExtResource("6_esxvv")]
transform = Transform3D(0.907697, 0, 0.419627, 0, 1, 0, -0.419627, 0, 0.907697, 75.9101, -0.118437, -405.783)

[node name="tree_cluster_87" parent="Path/tree_clusters" instance=ExtResource("6_esxvv")]
transform = Transform3D(-0.728108, 0, -0.685463, 0, 1, 0, 0.685463, 0, -0.728108, -124.798, -0.118437, -307.498)

[node name="tree_cluster_88" parent="Path/tree_clusters" instance=ExtResource("6_esxvv")]
transform = Transform3D(0.182098, 0, 0.983281, 0, 1, 0, -0.983281, 0, 0.182098, -107.832, -0.118437, -300.817)

[node name="tree_cluster_89" parent="Path/tree_clusters" instance=ExtResource("6_esxvv")]
transform = Transform3D(-0.984778, 0, -0.17382, 0, 1, 0, 0.17382, 0, -0.984778, -154.568, -0.118437, -329.006)

[node name="tree_cluster_90" parent="Path/tree_clusters" instance=ExtResource("6_esxvv")]
transform = Transform3D(-0.0491286, 0, -0.998793, 0, 1, 0, 0.998793, 0, -0.0491286, -145.958, -0.118437, -314.34)

[node name="tree_cluster_91" parent="Path/tree_clusters" instance=ExtResource("6_esxvv")]
transform = Transform3D(-0.666936, 0, 0.745116, 0, 1, 0, -0.745116, 0, -0.666936, -158.1, -0.118437, -368.344)

[node name="tree_cluster_92" parent="Path/tree_clusters" instance=ExtResource("6_esxvv")]
transform = Transform3D(0.984571, 0, -0.174989, 0, 1, 0, 0.174989, 0, 0.984571, -163.571, -0.118437, -348.547)

[node name="tree_cluster_93" parent="Path/tree_clusters" instance=ExtResource("6_esxvv")]
transform = Transform3D(-0.519772, 0, 0.854305, 0, 1, 0, -0.854305, 0, -0.519772, -144.177, -0.118437, -382.555)

[node name="tree_cluster_94" parent="Path/tree_clusters" instance=ExtResource("6_esxvv")]
transform = Transform3D(-0.46003, 0, -0.887904, 0, 1, 0, 0.887904, 0, -0.46003, -21.2128, -0.118437, -362.845)

[node name="tree_cluster_95" parent="Path/tree_clusters" instance=ExtResource("6_esxvv")]
transform = Transform3D(0.194731, 0, -0.980857, 0, 1, 0, 0.980857, 0, 0.194731, -129.243, -0.118437, -398.043)

[node name="tree_cluster_96" parent="Path/tree_clusters" instance=ExtResource("6_esxvv")]
transform = Transform3D(-0.417471, 0, -0.90869, 0, 1, 0, 0.90869, 0, -0.417471, -83.9418, -0.118437, -397.899)

[node name="tree_cluster_97" parent="Path/tree_clusters" instance=ExtResource("6_esxvv")]
transform = Transform3D(0.967762, 0, 0.251867, 0, 1, 0, -0.251867, 0, 0.967762, -57.6376, -0.118437, -368.472)

[node name="tree_cluster_98" parent="Path/tree_clusters" instance=ExtResource("6_esxvv")]
transform = Transform3D(-0.226617, 0, 0.973984, 0, 1, 0, -0.973984, 0, -0.226617, 6.50142, -0.118437, -364.412)

[node name="tree_cluster_80" parent="Path/tree_clusters" instance=ExtResource("6_esxvv")]
transform = Transform3D(0.998682, 0, 0.0513247, 0, 1, 0, -0.0513247, 0, 0.998682, -22.5515, -0.118437, -303.196)

[node name="tree_cluster_82" parent="Path/tree_clusters" instance=ExtResource("6_esxvv")]
transform = Transform3D(0.998682, 0, 0.0513247, 0, 1, 0, -0.0513247, 0, 0.998682, -41.7265, -0.118437, -333.72)

[node name="tree_cluster_84" parent="Path/tree_clusters" instance=ExtResource("6_esxvv")]
transform = Transform3D(0.998682, 0, 0.0513247, 0, 1, 0, -0.0513247, 0, 0.998682, -78.1199, -0.118437, -336.929)

[node name="tree_cluster_81" parent="Path/tree_clusters" instance=ExtResource("6_esxvv")]
transform = Transform3D(-0.684114, 0, -0.729375, 0, 1, 0, 0.729375, 0, -0.684114, -25.4025, -0.118437, -322.646)

[node name="tree_cluster_83" parent="Path/tree_clusters" instance=ExtResource("6_esxvv")]
transform = Transform3D(0.141368, 0, 0.989957, 0, 1, 0, -0.989957, 0, 0.141368, -60.2306, -0.118437, -334.777)

[node name="tree_cluster_54" parent="Path/tree_clusters" instance=ExtResource("7_l077j")]
transform = Transform3D(0.804583, 0, 0.59384, 0, 1, 0, -0.59384, 0, 0.804583, -47.2733, 0.0239983, -220.473)

[node name="tree_cluster_55" parent="Path/tree_clusters" instance=ExtResource("6_esxvv")]
transform = Transform3D(-0.978635, 0, 0.205607, 0, 1, 0, -0.205607, 0, -0.978635, -16.6605, -0.118437, -43.8478)

[node name="tree_cluster_56" parent="Path/tree_clusters" instance=ExtResource("7_l077j")]
transform = Transform3D(-0.925448, 0, -0.378875, 0, 1, 0, 0.378875, 0, -0.925448, -15.2507, 0.0239983, -26.6505)

[node name="tree_cluster_57" parent="Path/tree_clusters" instance=ExtResource("6_esxvv")]
transform = Transform3D(-0.960079, 0, 0.279729, 0, 1, 0, -0.279729, 0, -0.960079, -18.0192, -0.118437, -7.42532)

[node name="tree_cluster_58" parent="Path/tree_clusters" instance=ExtResource("7_l077j")]
transform = Transform3D(-0.705476, 0, 0.708734, 0, 1, 0, -0.708734, 0, -0.705476, -17.434, 0.0239983, 9.30595)

[node name="tree_cluster_59" parent="Path/tree_clusters" instance=ExtResource("6_esxvv")]
transform = Transform3D(0.997575, 0, -0.0695998, 0, 1, 0, 0.0695998, 0, 0.997575, -13.6909, -0.118437, 23.0445)

[node name="tree_cluster_60" parent="Path/tree_clusters" instance=ExtResource("7_l077j")]
transform = Transform3D(0.455576, 0, 0.890197, 0, 1, 0, -0.890197, 0, 0.455576, 0.525144, 0.0239983, 32.9992)

[node name="tree_cluster_61" parent="Path/tree_clusters" instance=ExtResource("6_esxvv")]
transform = Transform3D(-0.876265, 0, -0.48183, 0, 1, 0, 0.48183, 0, -0.876265, 15.8444, -0.118437, 41.7348)

[node name="tree_cluster_62" parent="Path/tree_clusters" instance=ExtResource("7_l077j")]
transform = Transform3D(-0.00626574, 0, -0.99998, 0, 1, 0, 0.99998, 0, -0.00626574, 31.6617, 0.0239983, 47.048)

[node name="tree_cluster_63" parent="Path/tree_clusters" instance=ExtResource("6_esxvv")]
transform = Transform3D(-0.998396, 0, 0.0566231, 0, 1, 0, -0.0566231, 0, -0.998396, 41.9503, -0.118437, 61.6383)

[node name="tree_cluster_65" parent="Path/tree_clusters" instance=ExtResource("6_esxvv")]
transform = Transform3D(-0.601773, 0, 0.798667, 0, 1, 0, -0.798667, 0, -0.601773, 45.7371, -0.118437, 88.2322)

[node name="tree_cluster_64" parent="Path/tree_clusters" instance=ExtResource("7_l077j")]
transform = Transform3D(-0.756368, 0, -0.654147, 0, 1, 0, 0.654147, 0, -0.756368, 53.8711, 0.0239983, 71.3511)

[node name="tree_cluster_66" parent="Path/tree_clusters" instance=ExtResource("6_esxvv")]
transform = Transform3D(0.806444, 0, -0.59131, 0, 1, 0, 0.59131, 0, 0.806444, 23.6671, -0.118437, 96.8524)

[node name="tree_cluster_69" parent="Path/tree_clusters" instance=ExtResource("6_esxvv")]
transform = Transform3D(-0.445667, 0, -0.895199, 0, 1, 0, 0.895199, 0, -0.445667, -7.14729, -0.118437, 114.641)

[node name="tree_cluster_67" parent="Path/tree_clusters" instance=ExtResource("7_l077j")]
transform = Transform3D(-0.974307, 0, 0.225223, 0, 1, 0, -0.225223, 0, -0.974307, 35.749, 0.0239983, 100.743)

[node name="tree_cluster_68" parent="Path/tree_clusters" instance=ExtResource("6_esxvv")]
transform = Transform3D(-0.653949, 0, 0.756539, 0, 1, 0, -0.756539, 0, -0.653949, -12.9843, -0.118437, 132.985)

[node name="tree_cluster_77" parent="Path/tree_clusters" instance=ExtResource("6_esxvv")]
transform = Transform3D(-0.442523, 0, 0.896757, 0, 1, 0, -0.896757, 0, -0.442523, 10.5773, -0.118437, 108.227)

[node name="tree_cluster_70" parent="Path/tree_clusters" instance=ExtResource("6_esxvv")]
transform = Transform3D(-0.876861, 0, 0.480744, 0, 1, 0, -0.480744, 0, -0.876861, -17.773, -0.118437, 166.334)

[node name="tree_cluster_71" parent="Path/tree_clusters" instance=ExtResource("7_l077j")]
transform = Transform3D(-0.879283, 0, -0.4763, 0, 1, 0, 0.4763, 0, -0.879283, -14.6471, 0.0239983, 149.063)

[node name="tree_cluster_72" parent="Path/tree_clusters" instance=ExtResource("7_l077j")]
transform = Transform3D(-0.974307, 0, 0.225223, 0, 1, 0, -0.225223, 0, -0.974307, -19.5952, 0.0239983, 182.418)

[node name="tree_cluster_73" parent="Path/tree_clusters" instance=ExtResource("6_esxvv")]
transform = Transform3D(-0.275839, 0, 0.961204, 0, 1, 0, -0.961204, 0, -0.275839, -17.8062, -0.118437, 196.407)

[node name="tree_cluster_74" parent="Path/tree_clusters" instance=ExtResource("7_l077j")]
transform = Transform3D(0.932897, 0, 0.360143, 0, 1, 0, -0.360143, 0, 0.932897, -30.1052, 0.0239983, -281.975)

[node name="tree_cluster_99" parent="Path/tree_clusters" instance=ExtResource("7_l077j")]
transform = Transform3D(0.0855387, 0, 0.996335, 0, 1, 0, -0.996335, 0, 0.0855387, -70.304, 0.0239983, -381.127)

[node name="tree_cluster_102" parent="Path/tree_clusters" instance=ExtResource("7_l077j")]
transform = Transform3D(0.355629, 0, -0.934628, 0, 1, 0, 0.934628, 0, 0.355629, -40.9529, 0.0239983, -369.405)

[node name="tree_cluster_103" parent="Path/tree_clusters" instance=ExtResource("7_l077j")]
transform = Transform3D(-0.686872, 0, 0.726779, 0, 1, 0, -0.726779, 0, -0.686872, -4.58713, 0.0239983, -352.514)

[node name="tree_cluster_108" parent="Path/tree_clusters" instance=ExtResource("7_l077j")]
transform = Transform3D(-0.686872, 0, 0.726779, 0, 1, 0, -0.726779, 0, -0.686872, -5.45961, 0.0239983, -324.124)

[node name="tree_cluster_104" parent="Path/tree_clusters" instance=ExtResource("6_esxvv")]
transform = Transform3D(0.503081, 0, 0.86424, 0, 1, 0, -0.86424, 0, 0.503081, 38.4219, -0.118437, -329.682)

[node name="tree_cluster_105" parent="Path/tree_clusters" instance=ExtResource("6_esxvv")]
transform = Transform3D(0.17851, 0, -0.983938, 0, 1, 0, 0.983938, 0, 0.17851, 10.6642, -0.118437, -329.479)

[node name="tree_cluster_106" parent="Path/tree_clusters" instance=ExtResource("7_l077j")]
transform = Transform3D(0.812135, 0, -0.583471, 0, 1, 0, 0.583471, 0, 0.812135, 59.0228, 0.0239983, -332.994)

[node name="tree_cluster_107" parent="Path/tree_clusters" instance=ExtResource("7_l077j")]
transform = Transform3D(0.65035, 0, -0.759635, 0, 1, 0, 0.759635, 0, 0.65035, 22.3237, 0.0239983, -340.818)

[node name="tree_cluster_109" parent="Path/tree_clusters" instance=ExtResource("6_esxvv")]
transform = Transform3D(-0.438387, 0, -0.898786, 0, 1, 0, 0.898786, 0, -0.438387, 37.9601, -0.118437, -368.046)

[node name="tree_cluster_110" parent="Path/tree_clusters" instance=ExtResource("6_esxvv")]
transform = Transform3D(-0.250143, 0, 0.968209, 0, 1, 0, -0.968209, 0, -0.250143, 65.6283, -0.118437, -370.283)

[node name="tree_cluster_111" parent="Path/tree_clusters" instance=ExtResource("7_l077j")]
transform = Transform3D(-0.959497, 0, -0.281722, 0, 1, 0, 0.281722, 0, -0.959497, 23.3174, 0.0239983, -373.822)

[node name="tree_cluster_112" parent="Path/tree_clusters" instance=ExtResource("7_l077j")]
transform = Transform3D(-0.704275, 0, 0.709927, 0, 1, 0, -0.709927, 0, -0.704275, 54.8312, 0.0239983, -358.12)

[node name="tree_cluster_117" parent="Path/tree_clusters" instance=ExtResource("7_l077j")]
transform = Transform3D(0.859032, 0, 0.511923, 0, 1, 0, -0.511923, 0, 0.859032, 94.277, 0.0239983, -373.93)

[node name="tree_cluster_123" parent="Path/tree_clusters" instance=ExtResource("6_esxvv")]
transform = Transform3D(0.779688, 0, 0.626168, 0, 1, 0, -0.626168, 0, 0.779688, 45.6126, -0.118437, -427.503)

[node name="tree_cluster_126" parent="Path/tree_clusters" instance=ExtResource("6_esxvv")]
transform = Transform3D(0.913041, 0, 0.407868, 0, 1, 0, -0.407868, 0, 0.913041, -0.930077, -0.118437, -444.978)

[node name="tree_cluster_124" parent="Path/tree_clusters" instance=ExtResource("6_esxvv")]
transform = Transform3D(-0.863792, 0, -0.50385, 0, 1, 0, 0.50385, 0, -0.863792, 63.6512, -0.118437, -417.369)

[node name="tree_cluster_125" parent="Path/tree_clusters" instance=ExtResource("7_l077j")]
transform = Transform3D(-0.999322, 0, -0.0368355, 0, 1, 0, 0.0368355, 0, -0.999322, 55.6808, 0.0239983, -448.631)

[node name="tree_cluster_122" parent="Path/tree_clusters" instance=ExtResource("7_l077j")]
transform = Transform3D(0.900448, 0, 0.434964, 0, 1, 0, -0.434964, 0, 0.900448, 46.9748, 0.0239983, -388.678)

[node name="tree_cluster_119" parent="Path/tree_clusters" instance=ExtResource("6_esxvv")]
transform = Transform3D(0.459503, 0, 0.888176, 0, 1, 0, -0.888176, 0, 0.459503, 34.6843, -0.118437, -398.249)

[node name="tree_cluster_120" parent="Path/tree_clusters" instance=ExtResource("6_esxvv")]
transform = Transform3D(0.999349, 0, -0.0360679, 0, 1, 0, 0.0360679, 0, 0.999349, 10.0197, -0.118437, -428.557)

[node name="tree_cluster_121" parent="Path/tree_clusters" instance=ExtResource("7_l077j")]
transform = Transform3D(-0.498291, 0, -0.86701, 0, 1, 0, 0.86701, 0, -0.498291, 23.6689, 0.0239983, -415.062)

[node name="tree_cluster_127" parent="Path/tree_clusters" instance=ExtResource("7_l077j")]
transform = Transform3D(0.815007, 0, -0.579452, 0, 1, 0, 0.579452, 0, 0.815007, 71.5858, 0.0239983, -454.71)

[node name="tree_cluster_128" parent="Path/tree_clusters" instance=ExtResource("7_l077j")]
transform = Transform3D(-0.881806, 0, -0.471613, 0, 1, 0, 0.471613, 0, -0.881806, -0.487976, 0.0239983, -466.5)

[node name="tree_cluster_137" parent="Path/tree_clusters" instance=ExtResource("6_esxvv")]
transform = Transform3D(0.804666, 0, -0.593728, 0, 1, 0, 0.593728, 0, 0.804666, 7.14763, -0.118437, -482.529)

[node name="tree_cluster_138" parent="Path/tree_clusters" instance=ExtResource("7_l077j")]
transform = Transform3D(0.417709, 0, -0.908581, 0, 1, 0, 0.908581, 0, 0.417709, 21.3557, 0.0239983, -496.299)

[node name="tree_cluster_139" parent="Path/tree_clusters" instance=ExtResource("6_esxvv")]
transform = Transform3D(0.0530504, 0, -0.998592, 0, 1, 0, 0.998592, 0, 0.0530504, 45.0395, -0.118437, -495.957)

[node name="tree_cluster_140" parent="Path/tree_clusters" instance=ExtResource("7_l077j")]
transform = Transform3D(-0.123758, 0, 0.992313, 0, 1, 0, -0.992313, 0, -0.123758, 64.9692, 0.0239983, -487.821)

[node name="tree_cluster_135" parent="Path/tree_clusters" instance=ExtResource("6_esxvv")]
transform = Transform3D(-0.614106, 0, 0.789224, 0, 1, 0, -0.789224, 0, -0.614106, 97.5085, -0.118437, -496.49)

[node name="tree_cluster_136" parent="Path/tree_clusters" instance=ExtResource("7_l077j")]
transform = Transform3D(-0.750088, 0, 0.661338, 0, 1, 0, -0.661338, 0, -0.750088, 84.8608, 0.0239983, -486.314)

[node name="tree_cluster_142" parent="Path/tree_clusters" instance=ExtResource("7_l077j")]
transform = Transform3D(0.0215881, 0, -0.999767, 0, 1, 0, 0.999767, 0, 0.0215881, 28.7189, 0.0239983, -519.807)

[node name="tree_cluster_143" parent="Path/tree_clusters" instance=ExtResource("6_esxvv")]
transform = Transform3D(0.530141, 0, -0.84791, 0, 1, 0, 0.84791, 0, 0.530141, 60.9911, -0.118437, -505.601)

[node name="tree_cluster_144" parent="Path/tree_clusters" instance=ExtResource("7_l077j")]
transform = Transform3D(0.678493, 0, -0.734607, 0, 1, 0, 0.734607, 0, 0.678493, 74.6135, 0.0239983, -514.43)

[node name="tree_cluster_141" parent="Path/tree_clusters" instance=ExtResource("7_l077j")]
transform = Transform3D(-0.21013, 0, -0.977674, 0, 1, 0, 0.977674, 0, -0.21013, 102.636, 0.0239983, -513.843)

[node name="tree_cluster_118" parent="Path/tree_clusters" instance=ExtResource("7_l077j")]
transform = Transform3D(0.0630344, 0, -0.998012, 0, 1, 0, 0.998012, 0, 0.0630344, 61.2304, 0.0239983, -388.171)

[node name="tree_cluster_146" parent="Path/tree_clusters" instance=ExtResource("6_esxvv")]
transform = Transform3D(0.683911, 0, -0.729566, 0, 1, 0, 0.729566, 0, 0.683911, -7.32866, -0.118437, -509.263)

[node name="tree_cluster_147" parent="Path/tree_clusters" instance=ExtResource("7_l077j")]
transform = Transform3D(0.958497, 0, -0.285103, 0, 1, 0, 0.285103, 0, 0.958497, -3.68906, 0.0239983, -525.114)

[node name="tree_cluster_154" parent="Path/tree_clusters" instance=ExtResource("6_esxvv")]
transform = Transform3D(0.512463, 0, -0.85871, 0, 1, 0, 0.85871, 0, 0.512463, -1.29375, -0.118437, -541.395)

[node name="tree_cluster_155" parent="Path/tree_clusters" instance=ExtResource("7_l077j")]
transform = Transform3D(0.875574, 0, -0.483084, 0, 1, 0, 0.483084, 0, 0.875574, 5.64479, 0.0239983, -556.104)

[node name="tree_cluster_156" parent="Path/tree_clusters" instance=ExtResource("6_esxvv")]
transform = Transform3D(0.592913, 0, -0.805266, 0, 1, 0, 0.805266, 0, 0.592913, 29.4813, -0.118437, -537.423)

[node name="tree_cluster_157" parent="Path/tree_clusters" instance=ExtResource("7_l077j")]
transform = Transform3D(0.918094, 0, -0.396363, 0, 1, 0, 0.396363, 0, 0.918094, 34.9684, 0.0239983, -552.734)

[node name="tree_cluster_148" parent="Path/tree_clusters" instance=ExtResource("7_l077j")]
transform = Transform3D(-0.534028, 0, 0.845467, 0, 1, 0, -0.845467, 0, -0.534028, 5.11045, 0.0239983, -495.677)

[node name="tree_cluster_100" parent="Path/tree_clusters" instance=ExtResource("7_l077j")]
transform = Transform3D(0.994528, 0, -0.104477, 0, 1, 0, 0.104477, 0, 0.994528, -101.884, 0.0239983, -400.603)

[node name="tree_cluster_101" parent="Path/tree_clusters" instance=ExtResource("7_l077j")]
transform = Transform3D(-0.99519, 0, -0.0979648, 0, 1, 0, 0.0979648, 0, -0.99519, -113.109, 0.0239983, -402.813)

[node name="tree_cluster_149" parent="Path/tree_clusters" instance=ExtResource("6_esxvv")]
transform = Transform3D(-0.359068, 0, 0.933312, 0, 1, 0, -0.933312, 0, -0.359068, 43.5193, -0.118437, -525)

[node name="tree_cluster_150" parent="Path/tree_clusters" instance=ExtResource("6_esxvv")]
transform = Transform3D(-0.182733, 0, 0.983163, 0, 1, 0, -0.983163, 0, -0.182733, 61.5795, -0.118437, -533.344)

[node name="tree_cluster_151" parent="Path/tree_clusters" instance=ExtResource("6_esxvv")]
transform = Transform3D(-0.166063, 0, -0.986115, 0, 1, 0, 0.986115, 0, -0.166063, 81.0381, -0.118437, -542.524)

[node name="tree_cluster_158" parent="Path/tree_clusters" instance=ExtResource("6_esxvv")]
transform = Transform3D(0.735565, 0, 0.677454, 0, 1, 0, -0.677454, 0, 0.735565, 46.7752, -0.118437, -605.047)

[node name="tree_cluster_159" parent="Path/tree_clusters" instance=ExtResource("7_l077j")]
transform = Transform3D(0.919774, 0, 0.392449, 0, 1, 0, -0.392449, 0, 0.919774, 56.7165, 0.0239983, -592.942)

[node name="tree_cluster_160" parent="Path/tree_clusters" instance=ExtResource("7_l077j")]
transform = Transform3D(-0.61801, 0, 0.78617, 0, 1, 0, -0.78617, 0, -0.61801, 30.3629, 0.0239983, -602.114)

[node name="tree_cluster_161" parent="Path/tree_clusters" instance=ExtResource("7_l077j")]
transform = Transform3D(-0.921314, 0, 0.388819, 0, 1, 0, -0.388819, 0, -0.921314, 10.4863, 0.0239983, -597.654)

[node name="tree_cluster_165" parent="Path/tree_clusters" instance=ExtResource("7_l077j")]
transform = Transform3D(-0.921314, 0, 0.388819, 0, 1, 0, -0.388819, 0, -0.921314, 2.80402, 0.0239983, -564.477)

[node name="tree_cluster_162" parent="Path/tree_clusters" instance=ExtResource("7_l077j")]
transform = Transform3D(-0.999637, 0, -0.0269446, 0, 1, 0, 0.0269446, 0, -0.999637, 55.6361, 0.0239983, -578.659)

[node name="tree_cluster_163" parent="Path/tree_clusters" instance=ExtResource("7_l077j")]
transform = Transform3D(0.986478, 0, -0.163895, 0, 1, 0, 0.163895, 0, 0.986478, 52.5349, 0.0239983, -562.727)

[node name="tree_cluster_164" parent="Path/tree_clusters" instance=ExtResource("6_esxvv")]
transform = Transform3D(1, 0, -0.000209421, 0, 1, 0, 0.000209421, 0, 1, -2.01287, -0.118437, -581.476)

[node name="tree_cluster_152" parent="Path/tree_clusters" instance=ExtResource("7_l077j")]
transform = Transform3D(-0.965172, 0, 0.261617, 0, 1, 0, -0.261617, 0, -0.965172, 97.8145, 0.0239983, -541.257)

[node name="tree_cluster_75" parent="Path/tree_clusters" instance=ExtResource("7_l077j")]
transform = Transform3D(-0.765034, 0, 0.64399, 0, 1, 0, -0.64399, 0, -0.765034, -8.52262, 0.0239983, 205.587)

[node name="tree_cluster_1" parent="Path/tree_clusters" instance=ExtResource("6_esxvv")]
transform = Transform3D(1, 0, 0, 0, 1, 0, 0, 0, 1, 7, 0, 184)

[node name="piles_of_snow" type="Node3D" parent="Path"]

[node name="pileofsnow" parent="Path/piles_of_snow" instance=ExtResource("8_bbg65")]
transform = Transform3D(0.978893, 0, 1.38988, 0, 1.7, 0, -1.38988, 0, 0.978893, 35.3752, 0, 215.836)

[node name="pileofsnow2" parent="Path/piles_of_snow" instance=ExtResource("8_bbg65")]
transform = Transform3D(0.575819, 0, 0.817577, 0, 1, 0, -0.817577, 0, 0.575819, 40.088, 0, 209.23)

[node name="pileofsnow3" parent="Path/piles_of_snow" instance=ExtResource("8_bbg65")]
transform = Transform3D(0.510578, 0, 1.62151, 0, 1.7, 0, -1.62151, 0, 0.510578, 28.1664, 0, 213.318)

[node name="pileofsnow4" parent="Path/piles_of_snow" instance=ExtResource("8_bbg65")]
transform = Transform3D(0.30034, 0, 0.953832, 0, 1, 0, -0.953832, 0, 0.30034, 30.6428, 0, 205.725)

[node name="pileofsnow177" parent="Path/piles_of_snow" instance=ExtResource("8_bbg65")]
transform = Transform3D(0.30034, 0, 0.953832, 0, 1, 0, -0.953832, 0, 0.30034, 35.5558, 0, 207.375)

[node name="pileofsnow178" parent="Path/piles_of_snow" instance=ExtResource("8_bbg65")]
transform = Transform3D(0.30034, 0, 0.953832, 0, 1, 0, -0.953832, 0, 0.30034, 25.1432, 0, 203.965)

[node name="pileofsnow5" parent="Path/piles_of_snow" instance=ExtResource("8_bbg65")]
transform = Transform3D(0.0631244, 0, 1.69883, 0, 1.7, 0, -1.69883, 0, 0.0631244, 20.2472, 0, 211.517)

[node name="pileofsnow6" parent="Path/piles_of_snow" instance=ExtResource("8_bbg65")]
transform = Transform3D(0.037132, 0, 0.99931, 0, 1, 0, -0.99931, 0, 0.037132, 20.5103, 0, 203.571)

[node name="pileofsnow7" parent="Path/piles_of_snow" instance=ExtResource("8_bbg65")]
transform = Transform3D(0.872486, 0, 1.45903, 0, 1.7, 0, -1.45903, 0, 0.872486, 8.81128, 0, 208.728)

[node name="pileofsnow8" parent="Path/piles_of_snow" instance=ExtResource("8_bbg65")]
transform = Transform3D(0.513227, 0, 0.858253, 0, 1, 0, -0.858253, 0, 0.513227, 12.9098, 0, 201.875)

[node name="pileofsnow9" parent="Path/piles_of_snow" instance=ExtResource("8_bbg65")]
transform = Transform3D(1.30513, 0, 1.08933, 0, 1.7, 0, -1.08933, 0, 1.30513, -0.433543, 0, 203.065)

[node name="pileofsnow10" parent="Path/piles_of_snow" instance=ExtResource("8_bbg65")]
transform = Transform3D(0.767725, 0, 0.64078, 0, 1, 0, -0.64078, 0, 0.767725, 5.82764, 0, 197.904)

[node name="pileofsnow11" parent="Path/piles_of_snow" instance=ExtResource("8_bbg65")]
transform = Transform3D(1.64452, -3.16065e-08, 0.430758, 2.8787e-08, 1.7, 1.48352e-08, -0.430758, -7.0568e-09, 1.64452, -6.60115, 1.18378e-09, 194.066)

[node name="pileofsnow12" parent="Path/piles_of_snow" instance=ExtResource("8_bbg65")]
transform = Transform3D(0.967365, -1.85921e-08, 0.253387, 1.69335e-08, 1, 8.72656e-09, -0.253387, -4.15105e-09, 0.967365, 1.14467, 1.37123e-07, 192.122)

[node name="pileofsnow13" parent="Path/piles_of_snow" instance=ExtResource("8_bbg65")]
transform = Transform3D(1.64452, -3.16065e-08, 0.430758, 2.8787e-08, 1.7, 1.48352e-08, -0.430758, -7.0568e-09, 1.64452, -8.55856, -6.68035e-08, 186.455)

[node name="pileofsnow14" parent="Path/piles_of_snow" instance=ExtResource("8_bbg65")]
transform = Transform3D(0.967365, -1.85921e-08, 0.253387, 1.69335e-08, 1, 8.72656e-09, -0.253387, -4.15105e-09, 0.967365, -0.875537, 6.7548e-08, 184.409)

[node name="pileofsnow15" parent="Path/piles_of_snow" instance=ExtResource("8_bbg65")]
transform = Transform3D(1.64452, -3.16065e-08, 0.430758, 2.8787e-08, 1.7, 1.48352e-08, -0.430758, -7.0568e-09, 1.64452, -10.6175, -1.37139e-07, 178.733)

[node name="pileofsnow16" parent="Path/piles_of_snow" instance=ExtResource("8_bbg65")]
transform = Transform3D(0.967365, -1.85921e-08, 0.253387, 1.69335e-08, 1, 8.72656e-09, -0.253387, -4.15105e-09, 0.967365, -2.89242, -1.9127e-09, 176.709)

