[gd_scene load_steps=8 format=3 uid="uid://cinhxvsjs7nlc"]

[ext_resource type="Material" uid="uid://dtvnutqkcg0ig" path="res://assets/SnowyNoise1k/Snow.tres" id="1_ej6no"]
[ext_resource type="PackedScene" uid="uid://cvt7xsdtis6bo" path="res://scenes/models-scenes/cabin_block.tscn" id="2_hrx2w"]
[ext_resource type="PackedScene" uid="uid://4478f05ggc05" path="res://scenes/models-scenes/static-mesh/watertower.dae" id="4_oee05"]
[ext_resource type="PackedScene" uid="uid://bynfws7xny3na" path="res://scenes/models-scenes/static-mesh/signpost.dae" id="5_gf1la"]
[ext_resource type="PackedScene" uid="uid://caq87jdqc3dq4" path="res://scenes/models-scenes/static-mesh/walkietalkie.dae" id="7_46fgk"]
[ext_resource type="PackedScene" uid="uid://t8h7n1ckwnbm" path="res://scenes/bush_cluster_1.tscn" id="8_npd05"]
[ext_resource type="PackedScene" uid="uid://dmfvd8tl5s31q" path="res://scenes/path.tscn" id="12_t41bk"]

[node name="Greybox" type="Node3D"]

[node name="DirectionalLight3D" type="DirectionalLight3D" parent="."]
transform = Transform3D(-0.866025, -0.433013, 0.25, -0.0989827, 0.638578, 0.763165, -0.490105, 0.636174, -0.595886, 0, 6.43107, 0)
light_energy = 10.0
shadow_enabled = true

[node name="CSGBox3D" type="CSGBox3D" parent="."]
transform = Transform3D(1, 0, 0, 0, 1, 0, 0, 0, 1, 0, -0.470215, 0)
material_override = ExtResource("1_ej6no")
size = Vector3(200, 0.1, 500)

[node name="cabin" parent="." instance=ExtResource("2_hrx2w")]
transform = Transform3D(-0.868463, 0, 0.493356, 0, 0.998814, 0, -0.493356, 0, -0.868463, 48.7159, -0.373137, 216.811)

[node name="watertower" parent="." instance=ExtResource("4_oee05")]
transform = Transform3D(1, 0, 0, 0, 1, 0, 0, 0, 1, 38.2383, 0, -199.758)

[node name="signpost" parent="." instance=ExtResource("5_gf1la")]
transform = Transform3D(1.5, 0, 0, 0, 1.5, 0, 0, 0, 1.5, 11.2189, 0, 133.244)

[node name="signpost2" parent="." instance=ExtResource("5_gf1la")]
transform = Transform3D(0.333752, 0, 1.4624, 0, 1.5, 0, -1.4624, 0, 0.333752, 2.2725, 0, 25.7834)

[node name="walkietalkie" parent="." instance=ExtResource("7_46fgk")]
transform = Transform3D(1, 0, 0, 0, 1, 0, 0, 0, 1, 11.8457, -0.00893903, 133.849)

[node name="Path" parent="." instance=ExtResource("12_t41bk")]

[node name="bush_clusters" type="Node3D" parent="."]

[node name="bush_cluster_1" parent="bush_clusters" instance=ExtResource("8_npd05")]
transform = Transform3D(0.896006, 0, -0.444041, 0, 1, 0, 0.444041, 0, 0.896006, 4.03536, 0, 208.853)

[node name="bush_cluster_2" parent="bush_clusters" instance=ExtResource("8_npd05")]
transform = Transform3D(-0.381619, 0, -0.92432, 0, 1, 0, 0.92432, 0, -0.381619, 12.5543, 0, 213.626)

[node name="bush_cluster_3" parent="bush_clusters" instance=ExtResource("8_npd05")]
transform = Transform3D(-0.939896, 0, 0.341463, 0, 1, 0, -0.341463, 0, -0.939896, 21.239, 0, 216.178)

[node name="bush_cluster_4" parent="bush_clusters" instance=ExtResource("8_npd05")]
transform = Transform3D(0.999572, 0, -0.029265, 0, 1, 0, 0.029265, 0, 0.999572, 31.3159, 0, 218.665)

[node name="bush_cluster_5" parent="bush_clusters" instance=ExtResource("8_npd05")]
transform = Transform3D(-0.590732, 0, 0.806868, 0, 1, 0, -0.806868, 0, -0.590732, 39.7022, 0, 221.681)

[node name="bush_cluster_6" parent="bush_clusters" instance=ExtResource("8_npd05")]
transform = Transform3D(-0.996981, 0, 0.0776412, 0, 1, 0, -0.0776412, 0, -0.996981, 45.1919, 0, 207.867)

[node name="bush_cluster_7" parent="bush_clusters" instance=ExtResource("8_npd05")]
transform = Transform3D(0.355808, 0, 0.934559, 0, 1, 0, -0.934559, 0, 0.355808, 37.3724, 0, 202.338)

[node name="bush_cluster_8" parent="bush_clusters" instance=ExtResource("8_npd05")]
transform = Transform3D(0.949014, 0, -0.315235, 0, 1, 0, 0.315235, 0, 0.949014, 29.25, 0, 200.227)

[node name="bush_cluster_9" parent="bush_clusters" instance=ExtResource("8_npd05")]
transform = Transform3D(-0.999999, 0, 0.00150091, 0, 1, 0, -0.00150091, 0, -0.999999, 19.4726, 0, 199.911)

[node name="bush_cluster_10" parent="bush_clusters" instance=ExtResource("8_npd05")]
transform = Transform3D(0.612907, 0, -0.790155, 0, 1, 0, 0.790155, 0, 0.612907, 10.6411, 0, 195.239)
