[gd_scene load_steps=2 format=3 uid="uid://bben6xums5pbn"]

[ext_resource type="PackedScene" uid="uid://bbj02oevjlhk4" path="res://scenes/models-scenes/pileofsnow.tscn" id="1_sh2xf"]

[node name="piles_of_snow" type="Node3D"]

[node name="pileofsnow359" parent="." instance=ExtResource("1_sh2xf")]
transform = Transform3D(0.462278, 0, 1.63594, 0, 1.7, 0, -1.63594, 0, 0.462278, 36.0671, 0.411876, 215.06)

[node name="pileofsnow361" parent="." instance=ExtResource("1_sh2xf")]
transform = Transform3D(0.462278, 0, 1.63594, 0, 1.7, 0, -1.63594, 0, 0.462278, 42.3534, 0, 216.785)

[node name="pileofsnow360" parent="." instance=ExtResource("1_sh2xf")]
transform = Transform3D(0.357798, 0, 0.933799, 0, 1, 0, -0.933799, 0, 0.357798, 41.0574, 0, 209.38)

[node name="pileofsnow720" parent="." instance=ExtResource("1_sh2xf")]
transform = Transform3D(0.575819, 0, 0.817577, 0, 1, 0, -0.817577, 0, 0.575819, 47.7893, 0, 212.174)

[node name="pileofsnow721" parent="." instance=ExtResource("1_sh2xf")]
transform = Transform3D(0.35341, 0, 0.935468, 0, 1, 0, -0.935468, 0, 0.35341, 44.5286, 0, 210.428)

[node name="pileofsnow362" parent="." instance=ExtResource("1_sh2xf")]
transform = Transform3D(0.30034, 0, 0.953832, 0, 1, 0, -0.953832, 0, 0.30034, 30.6428, 0, 205.725)

[node name="pileofsnow363" parent="." instance=ExtResource("1_sh2xf")]
transform = Transform3D(0.30034, 0, 0.953832, 0, 1, 0, -0.953832, 0, 0.30034, 37.5072, 0, 208.142)

[node name="pileofsnow722" parent="." instance=ExtResource("1_sh2xf")]
transform = Transform3D(0.30034, 0, 0.953832, 0, 1, 0, -0.953832, 0, 0.30034, 33.9606, 2.52724e-05, 206.994)

[node name="pileofsnow364" parent="." instance=ExtResource("1_sh2xf")]
transform = Transform3D(0.30034, 0, 0.953832, 0, 1, 0, -0.953832, 0, 0.30034, 27.2046, 0, 204.709)

[node name="pileofsnow723" parent="." instance=ExtResource("1_sh2xf")]
transform = Transform3D(0.30034, 0, 0.953832, 0, 1, 0, -0.953832, 0, 0.30034, 23.8108, 0, 203.864)

[node name="pileofsnow365" parent="." instance=ExtResource("1_sh2xf")]
transform = Transform3D(0.367079, 0, 1.6599, 0, 1.7, 0, -1.6599, 0, 0.367079, 17.8485, 0, 210.512)

[node name="pileofsnow366" parent="." instance=ExtResource("1_sh2xf")]
transform = Transform3D(0.037132, 0, 0.99931, 0, 1, 0, -0.99931, 0, 0.037132, 20.5103, 0, 203.571)

[node name="pileofsnow724" parent="." instance=ExtResource("1_sh2xf")]
transform = Transform3D(0.227195, 0, 0.973849, 0, 1, 0, -0.973849, 0, 0.227195, 16.9997, 0, 203.304)

[node name="pileofsnow367" parent="." instance=ExtResource("1_sh2xf")]
transform = Transform3D(0.750481, 0, 1.52538, 0, 1.7, 0, -1.52538, 0, 0.750481, 5.75163, -1.90735e-06, 207.585)

[node name="pileofsnow719" parent="." instance=ExtResource("1_sh2xf")]
transform = Transform3D(0.350664, 0, 1.66344, 0, 1.7, 0, -1.66344, 0, 0.350664, 11.6969, 0.0203838, 209.286)

[node name="pileofsnow368" parent="." instance=ExtResource("1_sh2xf")]
transform = Transform3D(0.513227, 0, 0.858253, 0, 1, 0, -0.858253, 0, 0.513227, 13.519, 0, 202.052)

[node name="pileofsnow725" parent="." instance=ExtResource("1_sh2xf")]
transform = Transform3D(0.308702, 0, 0.951159, 0, 1, 0, -0.951159, 0, 0.308702, 10.1792, 0, 200.683)

[node name="pileofsnow369" parent="." instance=ExtResource("1_sh2xf")]
transform = Transform3D(1.30513, 0, 1.08933, 0, 1.7, 0, -1.08933, 0, 1.30513, 0.967053, -9.53674e-07, 203.87)

[node name="pileofsnow370" parent="." instance=ExtResource("1_sh2xf")]
transform = Transform3D(0.767725, 0, 0.64078, 0, 1, 0, -0.64078, 0, 0.767725, 7.23502, 0, 198.785)

[node name="pileofsnow726" parent="." instance=ExtResource("1_sh2xf")]
transform = Transform3D(0.63729, 0, 0.768574, 0, 0.998421, 0, -0.768574, 0, 0.63729, 4.48833, 0, 196.703)

[node name="pileofsnow371" parent="." instance=ExtResource("1_sh2xf")]
transform = Transform3D(1.40619, -3.21483e-08, 0.955322, 2.8787e-08, 1.7, 1.48352e-08, -0.955322, 3.90573e-09, 1.40619, -5.22485, 1.18378e-09, 195.764)

[node name="pileofsnow372" parent="." instance=ExtResource("1_sh2xf")]
transform = Transform3D(0.967365, -1.85921e-08, 0.253387, 1.69335e-08, 1, 8.72656e-09, -0.253387, -4.15105e-09, 0.967365, 1.14467, 1.37123e-07, 192.122)

[node name="pileofsnow373" parent="." instance=ExtResource("1_sh2xf")]
transform = Transform3D(1.64452, -3.16065e-08, 0.430758, 2.8787e-08, 1.7, 1.48352e-08, -0.430758, -7.0568e-09, 1.64452, -8.55856, -6.68035e-08, 186.455)

[node name="pileofsnow374" parent="." instance=ExtResource("1_sh2xf")]
transform = Transform3D(0.967365, -1.85921e-08, 0.253387, 1.69335e-08, 1, 8.72656e-09, -0.253387, -4.15105e-09, 0.967365, -0.636225, -8.86126e-07, 186.132)

[node name="pileofsnow375" parent="." instance=ExtResource("1_sh2xf")]
transform = Transform3D(1.64452, -3.16065e-08, 0.430758, 2.8787e-08, 1.7, 1.48352e-08, -0.430758, -7.0568e-09, 1.64452, -10.6175, -1.37139e-07, 178.733)

[node name="pileofsnow376" parent="." instance=ExtResource("1_sh2xf")]
transform = Transform3D(0.968929, -1.85658e-08, 0.247338, 1.69335e-08, 1, 8.72656e-09, -0.247338, -4.26714e-09, 0.968929, -2.44996, -9.55587e-07, 179.852)

[node name="pileofsnow391" parent="." instance=ExtResource("1_sh2xf")]
transform = Transform3D(0.999965, -1.70063e-08, 0.00841288, 1.69335e-08, 1, 8.72656e-09, -0.00841288, -8.58381e-09, 0.999965, -3.20903, -9.55587e-07, 174.24)

[node name="pileofsnow377" parent="." instance=ExtResource("1_sh2xf")]
transform = Transform3D(1.68005, 0, -0.259695, 0, 1.7, 0, 0.259695, 0, 1.68005, -10.9298, 0, 168.418)

[node name="pileofsnow378" parent="." instance=ExtResource("1_sh2xf")]
transform = Transform3D(0.950678, 0, -0.310179, 0, 1, 0, 0.310179, 0, 0.950678, -2.27801, 0, 168.417)

[node name="pileofsnow379" parent="." instance=ExtResource("1_sh2xf")]
transform = Transform3D(1.5409, 0, -0.718075, 0, 1.7, 0, 0.718075, 0, 1.5409, -8.0103, 0, 158.745)

[node name="pileofsnow380" parent="." instance=ExtResource("1_sh2xf")]
transform = Transform3D(0.85921, 0, -0.511623, 0, 1, 0, 0.511623, 0, 0.85921, 0.145235, 0, 162.921)

[node name="pileofsnow381" parent="." instance=ExtResource("1_sh2xf")]
transform = Transform3D(1.35773, 0, -1.02301, 0, 1.7, 0, 1.02301, 0, 1.35773, -2.68061, 0, 150.772)

[node name="pileofsnow382" parent="." instance=ExtResource("1_sh2xf")]
transform = Transform3D(0.65623, 0, -0.754561, 0, 1, 0, 0.754561, 0, 0.65623, 4.0215, 0, 158.154)

[node name="pileofsnow383" parent="." instance=ExtResource("1_sh2xf")]
transform = Transform3D(1.35773, 0, -1.02301, 0, 1.7, 0, 1.02301, 0, 1.35773, 2.10073, 0, 144.368)

[node name="pileofsnow384" parent="." instance=ExtResource("1_sh2xf")]
transform = Transform3D(0.711622, 0, -0.702563, 0, 1, 0, 0.702563, 0, 0.711622, 8.37257, 0, 153.821)

[node name="pileofsnow727" parent="." instance=ExtResource("1_sh2xf")]
transform = Transform3D(0.711622, 0, -0.702563, 0, 1, 0, 0.702563, 0, 0.711622, 12.7504, 0, 149.251)

[node name="pileofsnow385" parent="." instance=ExtResource("1_sh2xf")]
transform = Transform3D(1.6732, 0, -0.300662, 0, 1.7, 0, 0.300662, 0, 1.6732, 4.82677, 0, 137.628)

[node name="pileofsnow386" parent="." instance=ExtResource("1_sh2xf")]
transform = Transform3D(0.658374, 0, -0.752691, 0, 1, 0, 0.752691, 0, 0.658374, 17.0409, 0, 145.035)

[node name="pileofsnow387" parent="." instance=ExtResource("1_sh2xf")]
transform = Transform3D(1.69965, 0, 0.0341495, 0, 1.7, 0, -0.0341495, 0, 1.69965, 5.41629, 0, 131.633)

[node name="pileofsnow388" parent="." instance=ExtResource("1_sh2xf")]
transform = Transform3D(0.659779, 0, -0.75146, 0, 1, 0, 0.75146, 0, 0.659779, 21.6394, 0, 140.942)

[node name="pileofsnow728" parent="." instance=ExtResource("1_sh2xf")]
transform = Transform3D(0.659779, 0, -0.75146, 0, 1, 0, 0.75146, 0, 0.659779, 25.9015, 0, 137.01)

[node name="pileofsnow389" parent="." instance=ExtResource("1_sh2xf")]
transform = Transform3D(0.434712, 0, -1.64348, 0, 1.7, 0, 1.64348, 0, 0.434712, 16.8935, 0, 117.78)

[node name="pileofsnow390" parent="." instance=ExtResource("1_sh2xf")]
transform = Transform3D(1.35773, 0, -1.02301, 0, 1.7, 0, 1.02301, 0, 1.35773, 8.28462, -0.168322, 123.477)

[node name="pileofsnow392" parent="." instance=ExtResource("1_sh2xf")]
transform = Transform3D(0.767355, 0, -0.641222, 0, 1, 0, 0.641222, 0, 0.767355, 29.9367, 0, 132.493)

[node name="pileofsnow393" parent="." instance=ExtResource("1_sh2xf")]
transform = Transform3D(0.0853575, 0, -1.69786, 0, 1.7, 0, 1.69786, 0, 0.0853575, 25.3458, 0, 116.638)

[node name="pileofsnow394" parent="." instance=ExtResource("1_sh2xf")]
transform = Transform3D(0.747647, 0, -0.664096, 0, 1, 0, 0.664096, 0, 0.747647, 33.8369, 0, 127.607)

[node name="pileofsnow729" parent="." instance=ExtResource("1_sh2xf")]
transform = Transform3D(0.830926, 0, -0.556383, 0, 1, 0, 0.556383, 0, 0.830926, 37.2553, 0.0460835, 122.931)

[node name="pileofsnow395" parent="." instance=ExtResource("1_sh2xf")]
transform = Transform3D(1.20089, 0, -1.20328, 0, 1.7, 0, 1.20328, 0, 1.20089, 31.6988, 0, 113.746)

[node name="pileofsnow396" parent="." instance=ExtResource("1_sh2xf")]
transform = Transform3D(0.822799, 0, -0.568332, 0, 1, 0, 0.568332, 0, 0.822799, 39.8643, 0, 118.946)

[node name="pileofsnow397" parent="." instance=ExtResource("1_sh2xf")]
transform = Transform3D(1.20089, 0, -1.20328, 0, 1.7, 0, 1.20328, 0, 1.20089, 37.5065, 0, 108.131)

[node name="pileofsnow398" parent="." instance=ExtResource("1_sh2xf")]
transform = Transform3D(0.896192, 0, -0.443666, 0, 1, 0, 0.443666, 0, 0.896192, 6.84839, 0, -51.9231)

[node name="pileofsnow399" parent="." instance=ExtResource("1_sh2xf")]
transform = Transform3D(0.852467, 0, -0.522781, 0, 1, 0, 0.522781, 0, 0.852467, 43.0898, 0, 113.842)

[node name="pileofsnow400" parent="." instance=ExtResource("1_sh2xf")]
transform = Transform3D(1, 0, 0, 0, 1, 0, 0, 0, 1, 1.41733, 0, -0.0857711)

[node name="pileofsnow401" parent="." instance=ExtResource("1_sh2xf")]
transform = Transform3D(1.20089, 0, -1.20328, 0, 1.7, 0, 1.20328, 0, 1.20089, 43.0939, 0, 102.605)

[node name="pileofsnow402" parent="." instance=ExtResource("1_sh2xf")]
transform = Transform3D(0.706403, 0, -0.70781, 0, 1, 0, 0.70781, 0, 0.706403, 46.7146, 0, 109.52)

[node name="pileofsnow403" parent="." instance=ExtResource("1_sh2xf")]
transform = Transform3D(1.20089, 0, -1.20328, 0, 1.7, 0, 1.20328, 0, 1.20089, 48.7258, 0, 96.9344)

[node name="pileofsnow404" parent="." instance=ExtResource("1_sh2xf")]
transform = Transform3D(0.706403, 0, -0.70781, 0, 1, 0, 0.70781, 0, 0.706403, 50.7437, -9.53674e-07, 105.317)

[node name="pileofsnow730" parent="." instance=ExtResource("1_sh2xf")]
transform = Transform3D(0.706403, 0, -0.70781, 0, 1, 0, 0.70781, 0, 0.706403, 55.1897, -9.53674e-07, 100.94)

[node name="pileofsnow405" parent="." instance=ExtResource("1_sh2xf")]
transform = Transform3D(1.39505, 0, -0.971502, 0, 1.7, 0, 0.971502, 0, 1.39505, 53.669, 0, 91.4551)

[node name="pileofsnow406" parent="." instance=ExtResource("1_sh2xf")]
transform = Transform3D(0.793269, 0, -0.608872, 0, 1, 0, 0.608872, 0, 0.793269, 59.1675, 0, 96.3277)

[node name="pileofsnow731" parent="." instance=ExtResource("1_sh2xf")]
transform = Transform3D(0.76198, 0, -0.647601, 0, 1, 0, 0.647601, 0, 0.76198, 63.0991, 0, 91.4117)

[node name="pileofsnow407" parent="." instance=ExtResource("1_sh2xf")]
transform = Transform3D(1.51784, 0, -0.765618, 0, 1.7, 0, 0.765618, 0, 1.51784, 58.7023, 0, 84.2212)

[node name="pileofsnow408" parent="." instance=ExtResource("1_sh2xf")]
transform = Transform3D(0.938415, 0, -0.345511, 0, 1, 0, 0.345511, 0, 0.938415, 66.1413, 0, 86.2906)

[node name="pileofsnow732" parent="." instance=ExtResource("1_sh2xf")]
transform = Transform3D(0.957325, 0, -0.289015, 0, 1, 0, 0.289015, 0, 0.957325, 68.243, 0, 80.5071)

[node name="pileofsnow409" parent="." instance=ExtResource("1_sh2xf")]
transform = Transform3D(1.69306, 0, -0.153486, 0, 1.7, 0, 0.153486, 0, 1.69306, 61.4267, 0, 75.5699)

[node name="pileofsnow410" parent="." instance=ExtResource("1_sh2xf")]
transform = Transform3D(0.988127, 0, 0.153641, 0, 1, 0, -0.153641, 0, 0.988127, 68.5074, -9.53674e-07, 74.5971)

[node name="pileofsnow733" parent="." instance=ExtResource("1_sh2xf")]
transform = Transform3D(0.988127, 0, 0.153641, 0, 1, 0, -0.153641, 0, 0.988127, 67.8413, -9.53674e-07, 69.0866)

[node name="pileofsnow411" parent="." instance=ExtResource("1_sh2xf")]
transform = Transform3D(1.4597, 0, 0.871365, 0, 1.7, 0, -0.871365, 0, 1.4597, 59.4402, 0, 67.8371)

[node name="pileofsnow412" parent="." instance=ExtResource("1_sh2xf")]
transform = Transform3D(0.893982, 0, 0.448102, 0, 1, 0, -0.448102, 0, 0.893982, 66.2474, 0, 64.4838)

[node name="pileofsnow413" parent="." instance=ExtResource("1_sh2xf")]
transform = Transform3D(1.30627, 0, 1.08796, 0, 1.7, 0, -1.08796, 0, 1.30627, 54.5382, 0, 60.7219)

[node name="pileofsnow414" parent="." instance=ExtResource("1_sh2xf")]
transform = Transform3D(0.809447, 0, 0.587192, 0, 1, 0, -0.587192, 0, 0.809447, 60.2058, 0, 54.9307)

[node name="pileofsnow734" parent="." instance=ExtResource("1_sh2xf")]
transform = Transform3D(0.87171, 0, 0.490022, 0, 1, 0, -0.490022, 0, 0.87171, 63.4751, 0, 59.5812)

[node name="pileofsnow415" parent="." instance=ExtResource("1_sh2xf")]
transform = Transform3D(1.30627, 0, 1.08796, 0, 1.7, 0, -1.08796, 0, 1.30627, 49.4679, 0, 54.4335)

[node name="pileofsnow416" parent="." instance=ExtResource("1_sh2xf")]
transform = Transform3D(0.768395, 0, 0.639976, 0, 1, 0, -0.639976, 0, 0.768395, 56.7175, 0, 50.4695)

[node name="pileofsnow417" parent="." instance=ExtResource("1_sh2xf")]
transform = Transform3D(1.33695, 0, 1.05003, 0, 1.7, 0, -1.05003, 0, 1.33695, 43.6776, 0, 48.1447)

[node name="pileofsnow418" parent="." instance=ExtResource("1_sh2xf")]
transform = Transform3D(0.786439, 0, 0.617667, 0, 1, 0, -0.617667, 0, 0.786439, 53.3016, 0, 46.0513)

[node name="pileofsnow419" parent="." instance=ExtResource("1_sh2xf")]
transform = Transform3D(1.07454, 0, 1.31733, 0, 1.7, 0, -1.31733, 0, 1.07454, 38.3025, 0, 42.8691)

[node name="pileofsnow420" parent="." instance=ExtResource("1_sh2xf")]
transform = Transform3D(0.632083, 0, 0.7749, 0, 1, 0, -0.7749, 0, 0.632083, 49.4916, 0, 41.9991)

[node name="pileofsnow735" parent="." instance=ExtResource("1_sh2xf")]
transform = Transform3D(0.71596, 0, 0.69814, 0, 1, 0, -0.69814, 0, 0.71596, 45.437, 0, 38.0668)

[node name="pileofsnow736" parent="." instance=ExtResource("1_sh2xf")]
transform = Transform3D(0.615744, 0, 0.787946, 0, 1, 0, -0.787946, 0, 0.615744, 40.8221, 0, 34.4113)

[node name="pileofsnow421" parent="." instance=ExtResource("1_sh2xf")]
transform = Transform3D(0.682305, 0, 1.55707, 0, 1.7, 0, -1.55707, 0, 0.682305, 31.0851, 0, 38.8871)

[node name="pileofsnow422" parent="." instance=ExtResource("1_sh2xf")]
transform = Transform3D(0.401356, 0, 0.915922, 0, 1, 0, -0.915922, 0, 0.401356, 35.3872, 0, 31.4751)

[node name="pileofsnow423" parent="." instance=ExtResource("1_sh2xf")]
transform = Transform3D(0.682305, 0, 1.55707, 0, 1.7, 0, -1.55707, 0, 0.682305, 23.7388, 0, 35.5278)

[node name="pileofsnow424" parent="." instance=ExtResource("1_sh2xf")]
transform = Transform3D(0.401356, 0, 0.915922, 0, 1, 0, -0.915922, 0, 0.401356, 30.0188, 0, 29.2462)

[node name="pileofsnow425" parent="." instance=ExtResource("1_sh2xf")]
transform = Transform3D(0.682305, 0, 1.55707, 0, 1.7, 0, -1.55707, 0, 0.682305, 16.5548, 0, 32.3414)

[node name="pileofsnow426" parent="." instance=ExtResource("1_sh2xf")]
transform = Transform3D(0.401356, 0, 0.915922, 0, 1, 0, -0.915922, 0, 0.401356, 24.7163, 0, 27.0463)

[node name="pileofsnow427" parent="." instance=ExtResource("1_sh2xf")]
transform = Transform3D(0.682305, 0, 1.55707, 0, 1.7, 0, -1.55707, 0, 0.682305, 9.2207, 0, 29.166)

[node name="pileofsnow428" parent="." instance=ExtResource("1_sh2xf")]
transform = Transform3D(0.401356, 0, 0.915922, 0, 1, 0, -0.915922, 0, 0.401356, 14.4172, 0, 22.2529)

[node name="pileofsnow737" parent="." instance=ExtResource("1_sh2xf")]
transform = Transform3D(0.401356, 0, 0.915922, 0, 1, 0, -0.915922, 0, 0.401356, 19.5305, 0, 24.7364)

[node name="pileofsnow429" parent="." instance=ExtResource("1_sh2xf")]
transform = Transform3D(1.10913, 0, 1.28835, 0, 1.7, 0, -1.28835, 0, 1.10913, 0.716972, -7.62939e-06, 24.0576)

[node name="pileofsnow430" parent="." instance=ExtResource("1_sh2xf")]
transform = Transform3D(0.717178, 0, 0.69689, 0, 1, 0, -0.69689, 0, 0.717178, 9.3716, -7.62939e-06, 18.8513)

[node name="pileofsnow738" parent="." instance=ExtResource("1_sh2xf")]
transform = Transform3D(0.717178, 0, 0.69689, 0, 1, 0, -0.69689, 0, 0.717178, 5.02427, -7.62939e-06, 14.7162)

[node name="pileofsnow431" parent="." instance=ExtResource("1_sh2xf")]
transform = Transform3D(1.60917, 0, 0.548245, 0, 1.7, 0, -0.548245, 0, 1.60917, -5.17249, -7.62939e-06, 15.1296)

[node name="pileofsnow432" parent="." instance=ExtResource("1_sh2xf")]
transform = Transform3D(0.984062, 0, 0.177823, 0, 1, 0, -0.177823, 0, 0.984062, 2.43225, -7.62939e-06, 9.97435)

[node name="pileofsnow433" parent="." instance=ExtResource("1_sh2xf")]
transform = Transform3D(1.66526, 0, 0.34195, 0, 1.7, 0, -0.34195, 0, 1.66526, -7.99341, -5.72204e-06, 4.82363)

[node name="pileofsnow434" parent="." instance=ExtResource("1_sh2xf")]
transform = Transform3D(0.99885, 0, 0.0479433, 0, 1, 0, -0.0479433, 0, 0.99885, 1.74347, -7.62939e-06, 4.95366)

[node name="pileofsnow435" parent="." instance=ExtResource("1_sh2xf")]
transform = Transform3D(1.69938, 0, -0.0458058, 0, 1.7, 0, 0.0458058, 0, 1.69938, -9.0958, -7.62939e-06, -6.04866)

[node name="pileofsnow436" parent="." instance=ExtResource("1_sh2xf")]
transform = Transform3D(0.987524, 0, 0.157469, 0, 1, 0, -0.157469, 0, 0.987524, 0.757774, -7.62939e-06, -6.39469)

[node name="pileofsnow437" parent="." instance=ExtResource("1_sh2xf")]
transform = Transform3D(1.69938, 0, -0.0458058, 0, 1.7, 0, 0.0458058, 0, 1.69938, -9.00517, -7.62939e-06, -14.1761)

[node name="pileofsnow438" parent="." instance=ExtResource("1_sh2xf")]
transform = Transform3D(0.992304, 0, 0.123827, 0, 1, 0, -0.123827, 0, 0.992304, -0.269081, -7.62939e-06, -12.6236)

[node name="pileofsnow439" parent="." instance=ExtResource("1_sh2xf")]
transform = Transform3D(1, 0, 0, 0, 1, 0, 0, 0, 1, -0.457003, 0, -23.946)

[node name="pileofsnow440" parent="." instance=ExtResource("1_sh2xf")]
transform = Transform3D(1.69938, 0, -0.0458058, 0, 1.7, 0, 0.0458058, 0, 1.69938, -8.65919, -7.62939e-06, -22.2466)

[node name="pileofsnow441" parent="." instance=ExtResource("1_sh2xf")]
transform = Transform3D(0.999637, 0, -0.0269446, 0, 1, 0, 0.0269446, 0, 0.999637, -0.671149, -7.62939e-06, -18.4034)

[node name="pileofsnow442" parent="." instance=ExtResource("1_sh2xf")]
transform = Transform3D(1.69938, 0, -0.0458058, 0, 1.7, 0, 0.0458058, 0, 1.69938, -8.41235, -7.62939e-06, -30.1017)

[node name="pileofsnow443" parent="." instance=ExtResource("1_sh2xf")]
transform = Transform3D(0.999637, 0, -0.0269446, 0, 1, 0, 0.0269446, 0, 0.999637, -0.46367, -7.62939e-06, -29.9196)

[node name="pileofsnow444" parent="." instance=ExtResource("1_sh2xf")]
transform = Transform3D(1.68537, 0, -0.222542, 0, 1.7, 0, 0.222542, 0, 1.68537, -7.50655, 0, -38.4345)

[node name="pileofsnow445" parent="." instance=ExtResource("1_sh2xf")]
transform = Transform3D(0.991395, 0, -0.130907, 0, 1, 0, 0.130907, 0, 0.991395, -0.0792229, 0, -35.9735)

[node name="pileofsnow446" parent="." instance=ExtResource("1_sh2xf")]
transform = Transform3D(1.65205, 0, -0.400895, 0, 1.7, 0, 0.400895, 0, 1.65205, -6.17881, 0, -46.799)

[node name="pileofsnow447" parent="." instance=ExtResource("1_sh2xf")]
transform = Transform3D(0.92519, 0, -0.379505, 0, 1, 0, 0.379505, 0, 0.92519, 1.70417, -9.53674e-07, -41.488)

[node name="pileofsnow448" parent="." instance=ExtResource("1_sh2xf")]
transform = Transform3D(-0.41547, 0, 1.64845, 0, 1.7, 0, -1.64845, 0, -0.41547, 0.714789, -7.62939e-06, -214.624)

[node name="pileofsnow449" parent="." instance=ExtResource("1_sh2xf")]
transform = Transform3D(-0.244394, 0, 0.969676, 0, 1, 0, -0.969676, 0, -0.244394, -1.40264, -7.62939e-06, -223.036)

[node name="pileofsnow450" parent="." instance=ExtResource("1_sh2xf")]
transform = Transform3D(-1.09646, 0, -1.29914, 0, 1.7, 0, 1.29914, 0, -1.09646, -59.5054, -7.62939e-06, -356.837)

[node name="pileofsnow451" parent="." instance=ExtResource("1_sh2xf")]
transform = Transform3D(-0.792524, 0, -0.609841, 0, 1, 0, 0.609841, 0, -0.792524, -70.7093, -7.62939e-06, -349.758)

[node name="pileofsnow452" parent="." instance=ExtResource("1_sh2xf")]
transform = Transform3D(0.702222, 0, -1.54818, 0, 1.7, 0, 1.54818, 0, 0.702222, -42.8496, -7.62939e-06, -354.496)

[node name="pileofsnow453" parent="." instance=ExtResource("1_sh2xf")]
transform = Transform3D(-0.472212, 0, -0.881485, 0, 1, 0, 0.881485, 0, -0.472212, -66.5835, -7.62939e-06, -346.534)

[node name="pileofsnow454" parent="." instance=ExtResource("1_sh2xf")]
transform = Transform3D(-0.119119, 0, 1.69582, 0, 1.7, 0, -1.69582, 0, -0.119119, -8.57492, -7.62939e-06, -213.29)

[node name="pileofsnow455" parent="." instance=ExtResource("1_sh2xf")]
transform = Transform3D(-0.114556, 0, 0.993417, 0, 1, 0, -0.993417, 0, -0.114556, -12.3718, -7.62939e-06, -221.351)

[node name="pileofsnow758" parent="." instance=ExtResource("1_sh2xf")]
transform = Transform3D(-0.114556, 0, 0.993417, 0, 1, 0, -0.993417, 0, -0.114556, -7.04609, -7.62939e-06, -221.556)

[node name="pileofsnow456" parent="." instance=ExtResource("1_sh2xf")]
transform = Transform3D(0.120746, 0, 1.6957, 0, 1.7, 0, -1.6957, 0, 0.120746, -18.5656, -7.62939e-06, -213.504)

[node name="pileofsnow457" parent="." instance=ExtResource("1_sh2xf")]
transform = Transform3D(0.0710274, 0, 0.997474, 0, 1, 0, -0.997474, 0, 0.0710274, -18.033, -7.62939e-06, -221.436)

[node name="pileofsnow458" parent="." instance=ExtResource("1_sh2xf")]
transform = Transform3D(0.720333, 0, 1.53984, 0, 1.7, 0, -1.53984, 0, 0.720333, -28.0396, 0, -215.971)

[node name="pileofsnow459" parent="." instance=ExtResource("1_sh2xf")]
transform = Transform3D(0.423725, 0, 0.905791, 0, 1, 0, -0.905791, 0, 0.423725, -23.5745, 0, -222.842)

[node name="pileofsnow460" parent="." instance=ExtResource("1_sh2xf")]
transform = Transform3D(1.27287, 0, 1.12685, 0, 1.7, 0, -1.12685, 0, 1.27287, -36.1412, 0, -221.982)

[node name="pileofsnow461" parent="." instance=ExtResource("1_sh2xf")]
transform = Transform3D(0.680849, 0, 0.732424, 0, 1, 0, -0.732424, 0, 0.680849, -28.6294, 0, -226.252)

[node name="pileofsnow462" parent="." instance=ExtResource("1_sh2xf")]
transform = Transform3D(1.1713, 0, -1.2321, 0, 1.7, 0, 1.2321, 0, 1.1713, -0.847662, 0, -54.9384)

[node name="pileofsnow463" parent="." instance=ExtResource("1_sh2xf")]
transform = Transform3D(0.864757, 0, -0.50219, 0, 1, 0, 0.50219, 0, 0.864757, 4.15725, 9.53674e-07, -46.8115)

[node name="pileofsnow464" parent="." instance=ExtResource("1_sh2xf")]
transform = Transform3D(1.28991, 0, -1.10731, 0, 1.7, 0, 1.10731, 0, 1.28991, 5.63464, 0, -61.4417)

[node name="pileofsnow465" parent="." instance=ExtResource("1_sh2xf")]
transform = Transform3D(0.578498, 0, -0.815683, 0, 1, 0, 0.815683, 0, 0.578498, 10.7552, -0.220478, -55.9825)

[node name="pileofsnow466" parent="." instance=ExtResource("1_sh2xf")]
transform = Transform3D(1.02048, 0, -1.35965, 0, 1.7, 0, 1.35965, 0, 1.02048, 12.3408, -9.53674e-07, -68.3322)

[node name="pileofsnow467" parent="." instance=ExtResource("1_sh2xf")]
transform = Transform3D(0.58398, 0, -0.811767, 0, 1, 0, 0.811767, 0, 0.58398, 18.8453, 0, -62.3781)

[node name="pileofsnow739" parent="." instance=ExtResource("1_sh2xf")]
transform = Transform3D(0.58398, 0, -0.811767, 0, 1, 0, 0.811767, 0, 0.58398, 14.7425, 0, -59.1031)

[node name="pileofsnow468" parent="." instance=ExtResource("1_sh2xf")]
transform = Transform3D(1.15119, 0, -1.2509, 0, 1.7, 0, 1.2509, 0, 1.15119, 20.4916, 0, -75.1363)

[node name="pileofsnow469" parent="." instance=ExtResource("1_sh2xf")]
transform = Transform3D(0.677171, 0, -0.735825, 0, 1, 0, 0.735825, 0, 0.677171, 23.2211, -9.53674e-07, -66.2952)

[node name="pileofsnow740" parent="." instance=ExtResource("1_sh2xf")]
transform = Transform3D(0.60148, 0, -0.798887, 0, 1, 0, 0.798887, 0, 0.60148, 27.5316, -2.86102e-06, -69.8929)

[node name="pileofsnow470" parent="." instance=ExtResource("1_sh2xf")]
transform = Transform3D(1.04372, 0, -1.34188, 0, 1.7, 0, 1.34188, 0, 1.04372, 27.9618, 0.129528, -80.3339)

[node name="pileofsnow471" parent="." instance=ExtResource("1_sh2xf")]
transform = Transform3D(0.672509, 0, -0.74009, 0, 1, 0, 0.74009, 0, 0.672509, 31.9524, 1.90735e-06, -73.561)

[node name="pileofsnow472" parent="." instance=ExtResource("1_sh2xf")]
transform = Transform3D(1.29496, 0, -1.10139, 0, 1.7, 0, 1.10139, 0, 1.29496, 35.4205, 0, -87.5282)

[node name="pileofsnow473" parent="." instance=ExtResource("1_sh2xf")]
transform = Transform3D(0.710358, 0, -0.703841, 0, 1, 0, 0.703841, 0, 0.710358, 36.3715, 9.53674e-07, -77.5653)

[node name="pileofsnow741" parent="." instance=ExtResource("1_sh2xf")]
transform = Transform3D(0.710358, 0, -0.703841, 0, 1, 0, 0.703841, 0, 0.710358, 40.7786, 0, -81.728)

[node name="pileofsnow474" parent="." instance=ExtResource("1_sh2xf")]
transform = Transform3D(0.789259, 0, -1.50568, 0, 1.7, 0, 1.50568, 0, 0.789259, 44.0369, 0, -93.6017)

[node name="pileofsnow475" parent="." instance=ExtResource("1_sh2xf")]
transform = Transform3D(0.46427, 0, -0.885694, 0, 1, 0, 0.885694, 0, 0.46427, 45.0752, -9.53674e-07, -84.2629)

[node name="pileofsnow476" parent="." instance=ExtResource("1_sh2xf")]
transform = Transform3D(0.382764, 0, -1.65635, 0, 1.7, 0, 1.65635, 0, 0.382764, 52.7243, 0, -96.8358)

[node name="pileofsnow477" parent="." instance=ExtResource("1_sh2xf")]
transform = Transform3D(0.225155, 0, -0.974323, 0, 1, 0, 0.974323, 0, 0.225155, 50.1249, 0, -86.0163)

[node name="pileofsnow742" parent="." instance=ExtResource("1_sh2xf")]
transform = Transform3D(0.225155, 0, -0.974323, 0, 1, 0, 0.974323, 0, 0.225155, 56.3874, 0, -87.6581)

[node name="pileofsnow478" parent="." instance=ExtResource("1_sh2xf")]
transform = Transform3D(0.38522, 0, -1.65578, 0, 1.7, 0, 1.65578, 0, 0.38522, 62.3326, 0, -98.7433)

[node name="pileofsnow479" parent="." instance=ExtResource("1_sh2xf")]
transform = Transform3D(0.437665, 0, -0.899138, 0, 1, 0, 0.899138, 0, 0.437665, 62.2047, 0, -89.6277)

[node name="pileofsnow480" parent="." instance=ExtResource("1_sh2xf")]
transform = Transform3D(0.980002, 0, -1.3891, 0, 1.7, 0, 1.3891, 0, 0.980002, 69.9335, 0, -101.904)

[node name="pileofsnow481" parent="." instance=ExtResource("1_sh2xf")]
transform = Transform3D(0.724725, 0, -0.689038, 0, 1, 0, 0.689038, 0, 0.724725, 76.2523, 0, -97.0201)

[node name="pileofsnow745" parent="." instance=ExtResource("1_sh2xf")]
transform = Transform3D(0.875768, 0, -0.482732, 0, 1, 0, 0.482732, 0, 0.875768, 79.6726, 0, -101.951)

[node name="pileofsnow743" parent="." instance=ExtResource("1_sh2xf")]
transform = Transform3D(0.375723, 0, -0.926732, 0, 1, 0, 0.926732, 0, 0.375723, 71.1161, 1.90735e-06, -93.7622)

[node name="pileofsnow744" parent="." instance=ExtResource("1_sh2xf")]
transform = Transform3D(0.375723, 0, -0.926732, 0, 1, 0, 0.926732, 0, 0.375723, 66.3425, 1.90735e-06, -91.3669)

[node name="pileofsnow482" parent="." instance=ExtResource("1_sh2xf")]
transform = Transform3D(1.68442, 0, -0.229571, 0, 1.7, 0, 0.229571, 0, 1.68442, 74.4125, 0, -109.363)

[node name="pileofsnow483" parent="." instance=ExtResource("1_sh2xf")]
transform = Transform3D(0.971685, 0, -0.236279, 0, 1, 0, 0.236279, 0, 0.971685, 81.4964, 0, -107.395)

[node name="pileofsnow746" parent="." instance=ExtResource("1_sh2xf")]
transform = Transform3D(0.997159, 0, 0.0753262, 0, 1, 0, -0.0753262, 0, 0.997159, 82.3001, 0, -112.978)

[node name="pileofsnow484" parent="." instance=ExtResource("1_sh2xf")]
transform = Transform3D(1.67934, 0, 0.264209, 0, 1.7, 0, -0.264209, 0, 1.67934, 74.1807, 0, -117.259)

[node name="pileofsnow485" parent="." instance=ExtResource("1_sh2xf")]
transform = Transform3D(0.98336, 0, 0.181669, 0, 1, 0, -0.181669, 0, 0.98336, 82.1542, 0, -117.704)

[node name="pileofsnow747" parent="." instance=ExtResource("1_sh2xf")]
transform = Transform3D(0.938427, 0, 0.345478, 0, 1, 0, -0.345478, 0, 0.938427, 80.912, 0, -123.366)

[node name="pileofsnow486" parent="." instance=ExtResource("1_sh2xf")]
transform = Transform3D(1.30604, 0, 1.08823, 0, 1.7, 0, -1.08823, 0, 1.30604, 70.7052, 0, -123.755)

[node name="pileofsnow487" parent="." instance=ExtResource("1_sh2xf")]
transform = Transform3D(0.768261, 0, 0.640136, 0, 1, 0, -0.640136, 0, 0.768261, 77.8463, 0, -128.268)

[node name="pileofsnow488" parent="." instance=ExtResource("1_sh2xf")]
transform = Transform3D(1.46921, 0, 0.855236, 0, 1.7, 0, -0.855236, 0, 1.46921, 65.6257, 0, -130.776)

[node name="pileofsnow489" parent="." instance=ExtResource("1_sh2xf")]
transform = Transform3D(0.86424, 0, 0.50308, 0, 1, 0, -0.50308, 0, 0.86424, 74.3104, 0, -133.185)

[node name="pileofsnow490" parent="." instance=ExtResource("1_sh2xf")]
transform = Transform3D(1.46921, 0, 0.855236, 0, 1.7, 0, -0.855236, 0, 1.46921, 61.3303, 0, -138.038)

[node name="pileofsnow491" parent="." instance=ExtResource("1_sh2xf")]
transform = Transform3D(0.86424, 0, 0.50308, 0, 1, 0, -0.50308, 0, 0.86424, 71.2518, 0, -138.353)

[node name="pileofsnow748" parent="." instance=ExtResource("1_sh2xf")]
transform = Transform3D(0.782206, 0, 0.62302, 0, 1, 0, -0.62302, 0, 0.782206, 67.9934, 0, -143.276)

[node name="pileofsnow492" parent="." instance=ExtResource("1_sh2xf")]
transform = Transform3D(1.3996, 0, 0.964944, 0, 1.7, 0, -0.964944, 0, 1.3996, 55.8159, 0, -144.304)

[node name="pileofsnow493" parent="." instance=ExtResource("1_sh2xf")]
transform = Transform3D(0.736121, 0, 0.67685, 0, 1, 0, -0.67685, 0, 0.736121, 64.0126, 0, -147.66)

[node name="pileofsnow494" parent="." instance=ExtResource("1_sh2xf")]
transform = Transform3D(0.562659, 0, -1.60419, 0, 1.7, 0, 1.60419, 0, 0.562659, 36.0301, 0, -479.896)

[node name="pileofsnow495" parent="." instance=ExtResource("1_sh2xf")]
transform = Transform3D(-0.187994, 0, -1.68958, 0, 1.7, 0, 1.68958, 0, -0.187994, 46.0766, 0, -481.051)

[node name="pileofsnow496" parent="." instance=ExtResource("1_sh2xf")]
transform = Transform3D(0.291988, 0, -0.956422, 0, 1, 0, 0.956422, 0, 0.291988, 41.0883, 0, -473.417)

[node name="pileofsnow799" parent="." instance=ExtResource("1_sh2xf")]
transform = Transform3D(-0.101994, 0, -0.994785, 0, 1, 0, 0.994785, 0, -0.101994, 45.8106, 0, -473.691)

[node name="pileofsnow497" parent="." instance=ExtResource("1_sh2xf")]
transform = Transform3D(1.00934, 0, -1.36793, 0, 1.7, 0, 1.36793, 0, 1.00934, 27.0034, 0, -474.677)

[node name="pileofsnow498" parent="." instance=ExtResource("1_sh2xf")]
transform = Transform3D(0.683757, 0, -0.72971, 0, 1, 0, 0.72971, 0, 0.683757, 32.8168, 0, -466.358)

[node name="pileofsnow798" parent="." instance=ExtResource("1_sh2xf")]
transform = Transform3D(0.683757, 0, -0.72971, 0, 1, 0, 0.72971, 0, 0.683757, 37.1868, 0, -470.728)

[node name="pileofsnow499" parent="." instance=ExtResource("1_sh2xf")]
transform = Transform3D(1.42619, 0, -0.925193, 0, 1.7, 0, 0.925193, 0, 1.42619, 20.0967, 0, -467.216)

[node name="pileofsnow500" parent="." instance=ExtResource("1_sh2xf")]
transform = Transform3D(0.838936, 0, -0.544229, 0, 1, 0, 0.544229, 0, 0.838936, 29.0178, 0, -461.603)

[node name="pileofsnow501" parent="." instance=ExtResource("1_sh2xf")]
transform = Transform3D(1.65962, 0, -0.368296, 0, 1.7, 0, 0.368296, 0, 1.65962, 17.0604, 0, -459.819)

[node name="pileofsnow502" parent="." instance=ExtResource("1_sh2xf")]
transform = Transform3D(0.97625, 0, -0.216645, 0, 1, 0, 0.216645, 0, 0.97625, 27.22, 0, -457.307)

[node name="pileofsnow797" parent="." instance=ExtResource("1_sh2xf")]
transform = Transform3D(0.840141, 0, 0.542367, 0, 1, 0, -0.542367, 0, 0.840141, 28.4365, 0, -451.65)

[node name="pileofsnow503" parent="." instance=ExtResource("1_sh2xf")]
transform = Transform3D(1.60677, 0, 0.555232, 0, 1.7, 0, -0.555232, 0, 1.60677, 18.6706, 0, -444.566)

[node name="pileofsnow794" parent="." instance=ExtResource("1_sh2xf")]
transform = Transform3D(1.68436, 0, 0.23004, 0, 1.7, 0, -0.23004, 0, 1.68436, 16.5418, 0, -452.704)

[node name="pileofsnow504" parent="." instance=ExtResource("1_sh2xf")]
transform = Transform3D(0.896209, 0, 0.443635, 0, 1, 0, -0.443635, 0, 0.896209, 31.3932, 0, -446.922)

[node name="pileofsnow795" parent="." instance=ExtResource("1_sh2xf")]
transform = Transform3D(0.945161, 0, 0.326608, 0, 1, 0, -0.326608, 0, 0.945161, 33.4982, 0, -442.515)

[node name="pileofsnow796" parent="." instance=ExtResource("1_sh2xf")]
transform = Transform3D(0.995136, 0, -0.0985209, 0, 1, 0, 0.0985209, 0, 0.995136, 33.9355, 0, -438.104)

[node name="pileofsnow505" parent="." instance=ExtResource("1_sh2xf")]
transform = Transform3D(1.19634, 0, 1.20779, 0, 1.7, 0, -1.20779, 0, 1.19634, 36.1353, 0, -413.018)

[node name="pileofsnow506" parent="." instance=ExtResource("1_sh2xf")]
transform = Transform3D(0.610505, 0, 0.792012, 0, 1, 0, -0.792012, 0, 0.610505, 45.6852, 0, -415.857)

[node name="pileofsnow507" parent="." instance=ExtResource("1_sh2xf")]
transform = Transform3D(1.62482, 0, 0.49998, 0, 1.7, 0, -0.49998, 0, 1.62482, 26.4343, 0, -427.549)

[node name="pileofsnow508" parent="." instance=ExtResource("1_sh2xf")]
transform = Transform3D(0.785263, 0, 0.619162, 0, 1, 0, -0.619162, 0, 0.785263, 37.6094, 0, -423.137)

[node name="pileofsnow793" parent="." instance=ExtResource("1_sh2xf")]
transform = Transform3D(0.710308, 0, 0.703891, 0, 1, 0, -0.703891, 0, 0.710308, 41.2262, 0, -419.319)

[node name="pileofsnow509" parent="." instance=ExtResource("1_sh2xf")]
transform = Transform3D(1.35767, 0, 1.0231, 0, 1.7, 0, -1.0231, 0, 1.35767, 29.9439, 0, -420.052)

[node name="pileofsnow510" parent="." instance=ExtResource("1_sh2xf")]
transform = Transform3D(0.989641, 0, 0.143561, 0, 1, 0, -0.143561, 0, 0.989641, 35.5186, 0, -427.968)

[node name="pileofsnow511" parent="." instance=ExtResource("1_sh2xf")]
transform = Transform3D(1.53889, 0, 0.722378, 0, 1.7, 0, -0.722378, 0, 1.53889, 23.1365, 0, -435.158)

[node name="pileofsnow512" parent="." instance=ExtResource("1_sh2xf")]
transform = Transform3D(0.976481, 0, 0.215605, 0, 1, 0, -0.215605, 0, 0.976481, 34.4485, 0, -433.771)

[node name="pileofsnow513" parent="." instance=ExtResource("1_sh2xf")]
transform = Transform3D(1.6097, 0, 0.546699, 0, 1.7, 0, -0.546699, 0, 1.6097, 51.1727, 0, -152.845)

[node name="pileofsnow514" parent="." instance=ExtResource("1_sh2xf")]
transform = Transform3D(0.94688, 0, 0.321588, 0, 1, 0, -0.321588, 0, 0.94688, 61.0051, 0, -152.832)

[node name="pileofsnow515" parent="." instance=ExtResource("1_sh2xf")]
transform = Transform3D(1.67395, 0, 0.296458, 0, 1.7, 0, -0.296458, 0, 1.67395, 49.2603, 0, -161.07)

[node name="pileofsnow516" parent="." instance=ExtResource("1_sh2xf")]
transform = Transform3D(0.984677, 0, 0.174387, 0, 1, 0, -0.174387, 0, 0.984677, 59.6466, 0, -158.234)

[node name="pileofsnow749" parent="." instance=ExtResource("1_sh2xf")]
transform = Transform3D(0.984677, 0, 0.174387, 0, 1, 0, -0.174387, 0, 0.984677, 58.5814, 0, -163.48)

[node name="pileofsnow517" parent="." instance=ExtResource("1_sh2xf")]
transform = Transform3D(1.67395, 0, 0.296458, 0, 1.7, 0, -0.296458, 0, 1.67395, 47.5367, 0, -166.777)

[node name="pileofsnow518" parent="." instance=ExtResource("1_sh2xf")]
transform = Transform3D(0.984677, 0, 0.174387, 0, 1, 0, -0.174387, 0, 0.984677, 57.5187, 0, -168.62)

[node name="pileofsnow519" parent="." instance=ExtResource("1_sh2xf")]
transform = Transform3D(1.62238, 0, 0.507832, 0, 1.7, 0, -0.507832, 0, 1.62238, 46.0462, 0, -174.596)

[node name="pileofsnow520" parent="." instance=ExtResource("1_sh2xf")]
transform = Transform3D(0.997201, 0, 0.0747694, 0, 1, 0, -0.0747694, 0, 0.997201, 56.5344, 0, -178.868)

[node name="pileofsnow751" parent="." instance=ExtResource("1_sh2xf")]
transform = Transform3D(0.997201, 0, 0.0747694, 0, 1, 0, -0.0747694, 0, 0.997201, 56.0049, 0, -184.669)

[node name="pileofsnow750" parent="." instance=ExtResource("1_sh2xf")]
transform = Transform3D(0.997201, 0, 0.0747694, 0, 1, 0, -0.0747694, 0, 0.997201, 56.8246, 0, -173.08)

[node name="pileofsnow521" parent="." instance=ExtResource("1_sh2xf")]
transform = Transform3D(1.69506, 0, -0.129593, 0, 1.7, 0, 0.129593, 0, 1.69506, 45.582, 0, -183.117)

[node name="pileofsnow522" parent="." instance=ExtResource("1_sh2xf")]
transform = Transform3D(1.4766, 0, 0.842408, 0, 1.7, 0, -0.842408, 0, 1.4766, -41.4785, 0.0352631, -229.74)

[node name="pileofsnow523" parent="." instance=ExtResource("1_sh2xf")]
transform = Transform3D(0.797057, 0, 0.603903, 0, 1, 0, -0.603903, 0, 0.797057, -32.7457, 0, -230.64)

[node name="pileofsnow524" parent="." instance=ExtResource("1_sh2xf")]
transform = Transform3D(1.68162, 0, 0.249308, 0, 1.7, 0, -0.249308, 0, 1.68162, -44.488, 0, -237.755)

[node name="pileofsnow525" parent="." instance=ExtResource("1_sh2xf")]
transform = Transform3D(0.984156, 0, 0.177307, 0, 1, 0, -0.177307, 0, 0.984156, -35.1529, 0, -236.07)

[node name="pileofsnow526" parent="." instance=ExtResource("1_sh2xf")]
transform = Transform3D(1.6517, 0, 0.402364, 0, 1.7, 0, -0.402364, 0, 1.6517, -45.7836, 0, -246.092)

[node name="pileofsnow527" parent="." instance=ExtResource("1_sh2xf")]
transform = Transform3D(0.978642, 0, 0.205571, 0, 1, 0, -0.205571, 0, 0.978642, -36.4511, 0, -242.132)

[node name="pileofsnow759" parent="." instance=ExtResource("1_sh2xf")]
transform = Transform3D(0.938866, 0, 0.344282, 0, 1, 0, -0.344282, 0, 0.938866, -38.0202, 0, -247.442)

[node name="pileofsnow528" parent="." instance=ExtResource("1_sh2xf")]
transform = Transform3D(1.65767, 0, 0.37701, 0, 1.7, 0, -0.37701, 0, 1.65767, -48.5806, 0, -253.957)

[node name="pileofsnow529" parent="." instance=ExtResource("1_sh2xf")]
transform = Transform3D(0.933812, 0, 0.357765, 0, 1, 0, -0.357765, 0, 0.933812, -39.9719, 0, -252.569)

[node name="pileofsnow530" parent="." instance=ExtResource("1_sh2xf")]
transform = Transform3D(1.69766, 0, -0.0893293, 0, 1.7, 0, 0.0893293, 0, 1.69766, -49.7248, 0, -263.611)

[node name="pileofsnow531" parent="." instance=ExtResource("1_sh2xf")]
transform = Transform3D(0.998619, 0, -0.0525454, 0, 1, 0, 0.0525454, 0, 0.998619, -40.9359, 0, -264.185)

[node name="pileofsnow760" parent="." instance=ExtResource("1_sh2xf")]
transform = Transform3D(0.998619, 0, -0.0525454, 0, 1, 0, 0.0525454, 0, 0.998619, -40.9411, 0, -258.421)

[node name="pileofsnow532" parent="." instance=ExtResource("1_sh2xf")]
transform = Transform3D(0.739007, 0, 1.53096, 0, 1.7, 0, -1.53096, 0, 0.739007, -113.373, -7.62939e-06, -312.535)

[node name="pileofsnow533" parent="." instance=ExtResource("1_sh2xf")]
transform = Transform3D(0.386341, 0, 0.922356, 0, 1, 0, -0.922356, 0, 0.386341, -105.528, 0.0669498, -320.638)

[node name="pileofsnow534" parent="." instance=ExtResource("1_sh2xf")]
transform = Transform3D(0.858489, 0, 1.46731, 0, 1.7, 0, -1.46731, 0, 0.858489, -120.548, -7.62939e-06, -316.941)

[node name="pileofsnow535" parent="." instance=ExtResource("1_sh2xf")]
transform = Transform3D(0.469441, 0, 0.882964, 0, 1, 0, -0.882964, 0, 0.469441, -110.86, -7.62939e-06, -322.894)

[node name="pileofsnow536" parent="." instance=ExtResource("1_sh2xf")]
transform = Transform3D(1.17295, 0, 1.23052, 0, 1.7, 0, -1.23052, 0, 1.17295, -129.01, -7.62939e-06, -322.815)

[node name="pileofsnow537" parent="." instance=ExtResource("1_sh2xf")]
transform = Transform3D(0.370687, 0, 0.928758, 0, 1, 0, -0.928758, 0, 0.370687, -115.673, -7.62939e-06, -324.995)

[node name="pileofsnow538" parent="." instance=ExtResource("1_sh2xf")]
transform = Transform3D(1.43612, 0, 0.909701, 0, 1.7, 0, -0.909701, 0, 1.43612, -135.105, -7.62939e-06, -330.598)

[node name="pileofsnow539" parent="." instance=ExtResource("1_sh2xf")]
transform = Transform3D(1.66838, 0, -0.326357, 0, 1.7, 0, 0.326357, 0, 1.66838, -136.794, -7.62939e-06, -340.504)

