[gd_scene load_steps=2 format=3 uid="uid://bben6xums5pbn"]

[ext_resource type="PackedScene" uid="uid://bbj02oevjlhk4" path="res://scenes/models-scenes/pileofsnow.tscn" id="1_sh2xf"]

[node name="piles_of_snow" type="Node3D"]

[node name="pileofsnow361" parent="." instance=ExtResource("1_sh2xf")]
transform = Transform3D(0.462278, 0, 1.63594, 0, 1.7, 0, -1.63594, 0, 0.462278, 42.7086, 0, 218.06)

[node name="pileofsnow720" parent="." instance=ExtResource("1_sh2xf")]
transform = Transform3D(0.380118, 0, 0.924938, 0, 1, 0, -0.924938, 0, 0.380118, 49.3659, 0, 209.996)

[node name="pileofsnow363" parent="." instance=ExtResource("1_sh2xf")]
transform = Transform3D(0.372826, 0, 0.927901, 0, 1, 0, -0.927901, 0, 0.372826, 41.674, 0, 207.074)

[node name="pileofsnow364" parent="." instance=ExtResource("1_sh2xf")]
transform = Transform3D(0.194183, 0, 0.980965, 0, 1, 0, -0.980965, 0, 0.194183, 33.8913, -9.53674e-07, 204.404)

[node name="pileofsnow365" parent="." instance=ExtResource("1_sh2xf")]
transform = Transform3D(0.449558, 0, 1.63949, 0, 1.7, 0, -1.63949, 0, 0.449558, 17.8485, 0, 210.512)

[node name="pileofsnow724" parent="." instance=ExtResource("1_sh2xf")]
transform = Transform3D(0.210199, 0, 0.977658, 0, 1, 0, -0.977658, 0, 0.210199, 24.6079, 0, 202.713)

[node name="pileofsnow367" parent="." instance=ExtResource("1_sh2xf")]
transform = Transform3D(1.06934, 0, 1.32156, 0, 1.7, 0, -1.32156, 0, 1.06934, 4.70287, -1.90735e-06, 205.271)

[node name="pileofsnow368" parent="." instance=ExtResource("1_sh2xf")]
transform = Transform3D(0.427248, 0, 0.904135, 0, 1, 0, -0.904135, 0, 0.427248, 15.7092, 0, 200.335)

[node name="pileofsnow726" parent="." instance=ExtResource("1_sh2xf")]
transform = Transform3D(0.63729, 0, 0.768574, 0, 0.998421, 0, -0.768574, 0, 0.63729, 9.13402, 0, 196.535)

[node name="pileofsnow371" parent="." instance=ExtResource("1_sh2xf")]
transform = Transform3D(1.40619, -3.21483e-08, 0.955322, 2.8787e-08, 1.7, 1.48352e-08, -0.955322, 3.90573e-09, 1.40619, -5.22485, 1.18378e-09, 195.764)

[node name="pileofsnow373" parent="." instance=ExtResource("1_sh2xf")]
transform = Transform3D(1.68475, -3.05113e-08, 0.22719, 2.8787e-08, 1.7, 1.48352e-08, -0.22719, -1.0855e-08, 1.68475, -11.6351, -0.312844, 183.515)

[node name="pileofsnow374" parent="." instance=ExtResource("1_sh2xf")]
transform = Transform3D(0.887252, -1.90497e-08, 0.461285, 1.69335e-08, 1, 8.72656e-09, -0.461285, 6.84968e-11, 0.887252, 2.9692, -8.86126e-07, 189.645)

[node name="pileofsnow376" parent="." instance=ExtResource("1_sh2xf")]
transform = Transform3D(0.923351, -1.89862e-08, 0.383958, 1.69335e-08, 1, 8.72656e-09, -0.383958, -1.55594e-09, 0.923351, -0.894073, -9.55587e-07, 181.816)

[node name="pileofsnow377" parent="." instance=ExtResource("1_sh2xf")]
transform = Transform3D(1.65329, 0, -0.395761, 0, 1.7, 0, 0.395761, 0, 1.65329, -11.9602, 0, 168.899)

[node name="pileofsnow378" parent="." instance=ExtResource("1_sh2xf")]
transform = Transform3D(0.989699, 0, -0.143165, 0, 1, 0, 0.143165, 0, 0.989699, -3.12142, 0, 173.895)

[node name="pileofsnow380" parent="." instance=ExtResource("1_sh2xf")]
transform = Transform3D(0.85921, 0, -0.511623, 0, 1, 0, 0.511623, 0, 0.85921, -0.959228, 0, 165.052)

[node name="pileofsnow381" parent="." instance=ExtResource("1_sh2xf")]
transform = Transform3D(1.48401, 0, -0.82928, 0, 1.7, 0, 0.82928, 0, 1.48401, -7.13904, 0, 155.612)

[node name="pileofsnow384" parent="." instance=ExtResource("1_sh2xf")]
transform = Transform3D(0.711622, 0, -0.702563, 0, 1, 0, 0.702563, 0, 0.711622, 4.27837, 0, 157.637)

[node name="pileofsnow727" parent="." instance=ExtResource("1_sh2xf")]
transform = Transform3D(0.432322, 0, -0.901719, 0, 1, 0, 0.901719, 0, 0.432322, 11.051, -1.90735e-06, 152.255)

[node name="pileofsnow385" parent="." instance=ExtResource("1_sh2xf")]
transform = Transform3D(1.6732, 0, -0.300662, 0, 1.7, 0, 0.300662, 0, 1.6732, -1.33314, 0, 142.142)

[node name="pileofsnow386" parent="." instance=ExtResource("1_sh2xf")]
transform = Transform3D(0.444744, 0, -0.895658, 0, 1, 0, 0.895658, 0, 0.444744, 19.8731, -3.8147e-06, 148.367)

[node name="pileofsnow387" parent="." instance=ExtResource("1_sh2xf")]
transform = Transform3D(1.51181, 0, -0.777432, 0, 1.7, 0, 0.777432, 0, 1.51181, 1.8212, 0, 129.174)

[node name="pileofsnow388" parent="." instance=ExtResource("1_sh2xf")]
transform = Transform3D(0.737926, 0, -0.674882, 0, 1, 0, 0.674882, 0, 0.737926, 27.1493, 0, 144.014)

[node name="pileofsnow728" parent="." instance=ExtResource("1_sh2xf")]
transform = Transform3D(0.801745, 0, -0.597667, 0, 1, 0, 0.597667, 0, 0.801745, 32.7036, 0, 137.591)

[node name="pileofsnow389" parent="." instance=ExtResource("1_sh2xf")]
transform = Transform3D(0.740156, 0, -1.53042, 0, 1.7, 0, 1.53042, 0, 0.740156, 10.4335, 0, 117.711)

[node name="pileofsnow393" parent="." instance=ExtResource("1_sh2xf")]
transform = Transform3D(0.719744, 0, -1.54012, 0, 1.7, 0, 1.54012, 0, 0.719744, 22.767, 0, 112.11)

[node name="pileofsnow394" parent="." instance=ExtResource("1_sh2xf")]
transform = Transform3D(0.921368, 0, -0.38869, 0, 1, 0, 0.38869, 0, 0.921368, 37.2073, 0, 130.684)

[node name="pileofsnow395" parent="." instance=ExtResource("1_sh2xf")]
transform = Transform3D(1.20089, 0, -1.20328, 0, 1.7, 0, 1.20328, 0, 1.20089, 34.1924, 0, 105.798)

[node name="pileofsnow396" parent="." instance=ExtResource("1_sh2xf")]
transform = Transform3D(0.950331, 0, -0.31124, 0, 1, 0, 0.31124, 0, 0.950331, 40.2556, 1.90735e-06, 122.322)

[node name="pileofsnow398" parent="." instance=ExtResource("1_sh2xf")]
transform = Transform3D(0.896192, 0, -0.443666, 0, 1, 0, 0.443666, 0, 0.896192, 3.70831, 9.53674e-07, -46.4446)

[node name="pileofsnow400" parent="." instance=ExtResource("1_sh2xf")]
transform = Transform3D(0.990835, 0, 0.135076, 0, 1, 0, -0.135076, 0, 0.990835, 1.78269, 0, 4.74826)

[node name="pileofsnow402" parent="." instance=ExtResource("1_sh2xf")]
transform = Transform3D(0.838557, 0, -0.544815, 0, 1, 0, 0.544815, 0, 0.838557, 43.8656, 0, 114.008)

[node name="pileofsnow404" parent="." instance=ExtResource("1_sh2xf")]
transform = Transform3D(0.706403, 0, -0.70781, 0, 1, 0, 0.70781, 0, 0.706403, 49.0691, -9.53674e-07, 106.968)

[node name="pileofsnow405" parent="." instance=ExtResource("1_sh2xf")]
transform = Transform3D(1.39505, 0, -0.971502, 0, 1.7, 0, 0.971502, 0, 1.39505, 44.6475, 0, 94.0815)

[node name="pileofsnow406" parent="." instance=ExtResource("1_sh2xf")]
transform = Transform3D(0.793269, 0, -0.608872, 0, 1, 0, 0.608872, 0, 0.793269, 55.4584, 0, 100.192)

[node name="pileofsnow731" parent="." instance=ExtResource("1_sh2xf")]
transform = Transform3D(0.76198, 0, -0.647601, 0, 1, 0, 0.647601, 0, 0.76198, 61.0043, 0, 93.8164)

[node name="pileofsnow732" parent="." instance=ExtResource("1_sh2xf")]
transform = Transform3D(0.957325, 0, -0.289015, 0, 1, 0, 0.289015, 0, 0.957325, 66.348, 0, 85.7745)

[node name="pileofsnow409" parent="." instance=ExtResource("1_sh2xf")]
transform = Transform3D(1.62805, 0, -0.489339, 0, 1.7, 0, 0.489339, 0, 1.62805, 51.3574, 0, 82.047)

[node name="pileofsnow733" parent="." instance=ExtResource("1_sh2xf")]
transform = Transform3D(0.999093, 0, 0.0425903, 0, 1, 0, -0.0425903, 0, 0.999093, 68.1726, -9.53674e-07, 76.8577)

[node name="pileofsnow412" parent="." instance=ExtResource("1_sh2xf")]
transform = Transform3D(0.941188, 0, 0.337884, 0, 1, 0, -0.337884, 0, 0.941188, 67.114, 0, 68.3178)

[node name="pileofsnow413" parent="." instance=ExtResource("1_sh2xf")]
transform = Transform3D(1.57153, 0, 0.648288, 0, 1.7, 0, -0.648288, 0, 1.57153, 52.7181, 0, 67.6471)

[node name="pileofsnow414" parent="." instance=ExtResource("1_sh2xf")]
transform = Transform3D(0.830508, 0, 0.557006, 0, 1, 0, -0.557006, 0, 0.830508, 63.4729, 0, 60.5711)

[node name="pileofsnow415" parent="." instance=ExtResource("1_sh2xf")]
transform = Transform3D(1.30627, 0, 1.08796, 0, 1.7, 0, -1.08796, 0, 1.30627, 45.4287, 0, 53.8476)

[node name="pileofsnow416" parent="." instance=ExtResource("1_sh2xf")]
transform = Transform3D(0.816268, 0, 0.577673, 0, 1, 0, -0.577673, 0, 0.816268, 58.6408, 0, 53.268)

[node name="pileofsnow420" parent="." instance=ExtResource("1_sh2xf")]
transform = Transform3D(0.750307, 0, 0.661089, 0, 1, 0, -0.661089, 0, 0.750307, 53.3227, 0.0175533, 46.3508)

[node name="pileofsnow735" parent="." instance=ExtResource("1_sh2xf")]
transform = Transform3D(0.71596, 0, 0.69814, 0, 1, 0, -0.69814, 0, 0.71596, 47.7548, 0, 40.5939)

[node name="pileofsnow736" parent="." instance=ExtResource("1_sh2xf")]
transform = Transform3D(0.615744, 0, 0.787946, 0, 1, 0, -0.787946, 0, 0.615744, 40.8221, 0, 34.4113)

[node name="pileofsnow421" parent="." instance=ExtResource("1_sh2xf")]
transform = Transform3D(0.891786, 0, 1.44732, 0, 1.7, 0, -1.44732, 0, 0.891786, 33.7264, 0, 42.4342)

[node name="pileofsnow423" parent="." instance=ExtResource("1_sh2xf")]
transform = Transform3D(0.682305, 0, 1.55707, 0, 1.7, 0, -1.55707, 0, 0.682305, 19.6996, 0, 34.9419)

[node name="pileofsnow424" parent="." instance=ExtResource("1_sh2xf")]
transform = Transform3D(0.326162, 0, 0.945314, 0, 1, 0, -0.945314, 0, 0.326162, 34.0115, 0, 30.3257)

[node name="pileofsnow427" parent="." instance=ExtResource("1_sh2xf")]
transform = Transform3D(0.682305, 0, 1.55707, 0, 1.7, 0, -1.55707, 0, 0.682305, 5.18154, 0, 28.5801)

[node name="pileofsnow428" parent="." instance=ExtResource("1_sh2xf")]
transform = Transform3D(0.401356, 0, 0.915922, 0, 1, 0, -0.915922, 0, 0.401356, 18.086, -9.53674e-07, 23.9692)

[node name="pileofsnow737" parent="." instance=ExtResource("1_sh2xf")]
transform = Transform3D(0.401356, 0, 0.915922, 0, 1, 0, -0.915922, 0, 0.401356, 25.9745, 0, 27.4143)

[node name="pileofsnow429" parent="." instance=ExtResource("1_sh2xf")]
transform = Transform3D(1.33346, 0, 1.05447, 0, 1.7, 0, -1.05447, 0, 1.33346, -6.55167, -7.62939e-06, 21.7184)

[node name="pileofsnow430" parent="." instance=ExtResource("1_sh2xf")]
transform = Transform3D(0.717178, 0, 0.69689, 0, 1, 0, -0.69689, 0, 0.717178, 10.7145, -7.62939e-06, 19.8992)

[node name="pileofsnow432" parent="." instance=ExtResource("1_sh2xf")]
transform = Transform3D(0.909149, 0, 0.416471, 0, 1, 0, -0.416471, 0, 0.909149, 4.77806, -7.62939e-06, 12.9457)

[node name="pileofsnow433" parent="." instance=ExtResource("1_sh2xf")]
transform = Transform3D(1.68056, 0, 0.256411, 0, 1.7, 0, -0.256411, 0, 1.68056, -13.969, -5.72204e-06, 9.55453)

[node name="pileofsnow436" parent="." instance=ExtResource("1_sh2xf")]
transform = Transform3D(0.988383, 0, 0.151986, 0, 1, 0, -0.151986, 0, 0.988383, 0.667439, -7.62939e-06, -3.94127)

[node name="pileofsnow437" parent="." instance=ExtResource("1_sh2xf")]
transform = Transform3D(1.6965, 0, -0.108994, 0, 1.7, 0, 0.108994, 0, 1.6965, -15.0561, -9.53674e-06, -5.96479)

[node name="pileofsnow439" parent="." instance=ExtResource("1_sh2xf")]
transform = Transform3D(1, 0, 0, 0, 1, 0, 0, 0, 1, -0.519786, 0, -21.1784)

[node name="pileofsnow440" parent="." instance=ExtResource("1_sh2xf")]
transform = Transform3D(1.68208, 0, -0.246169, 0, 1.7, 0, 0.246169, 0, 1.68208, -14.1394, -7.62939e-06, -20.9488)

[node name="pileofsnow441" parent="." instance=ExtResource("1_sh2xf")]
transform = Transform3D(0.999996, 0, 0.00274019, 0, 1, 0, -0.00274019, 0, 0.999996, -0.239246, -7.62939e-06, -12.9757)

[node name="pileofsnow444" parent="." instance=ExtResource("1_sh2xf")]
transform = Transform3D(1.68537, 0, -0.222542, 0, 1.7, 0, 0.222542, 0, 1.68537, -8.44154, 0, -33.4609)

[node name="pileofsnow445" parent="." instance=ExtResource("1_sh2xf")]
transform = Transform3D(0.997879, -4.36855e-05, -0.0650959, 3.43338e-05, 1, -0.000144432, 0.0650959, 0.000141883, 0.997879, -0.299876, 0, -29.9127)

[node name="pileofsnow447" parent="." instance=ExtResource("1_sh2xf")]
transform = Transform3D(0.957365, 0, -0.288882, 0, 1, 0, 0.288882, 0, 0.957365, 0.743428, 1.90735e-06, -38.1667)

[node name="pileofsnow448" parent="." instance=ExtResource("1_sh2xf")]
transform = Transform3D(-0.41547, 0, 1.64845, 0, 1.7, 0, -1.64845, 0, -0.41547, 0.714789, -7.62939e-06, -214.624)

[node name="pileofsnow449" parent="." instance=ExtResource("1_sh2xf")]
transform = Transform3D(-0.244394, 0, 0.969676, 0, 1, 0, -0.969676, 0, -0.244394, -1.40264, -7.62939e-06, -223.036)

[node name="pileofsnow450" parent="." instance=ExtResource("1_sh2xf")]
transform = Transform3D(-1.09646, 0, -1.29914, 0, 1.7, 0, 1.29914, 0, -1.09646, -59.5054, -7.62939e-06, -356.837)

[node name="pileofsnow451" parent="." instance=ExtResource("1_sh2xf")]
transform = Transform3D(-0.792524, 0, -0.609841, 0, 1, 0, 0.609841, 0, -0.792524, -70.7093, -7.62939e-06, -349.758)

[node name="pileofsnow452" parent="." instance=ExtResource("1_sh2xf")]
transform = Transform3D(0.702222, 0, -1.54818, 0, 1.7, 0, 1.54818, 0, 0.702222, -42.8496, -7.62939e-06, -354.496)

[node name="pileofsnow453" parent="." instance=ExtResource("1_sh2xf")]
transform = Transform3D(-0.472212, 0, -0.881485, 0, 1, 0, 0.881485, 0, -0.472212, -66.5835, -7.62939e-06, -346.534)

[node name="pileofsnow454" parent="." instance=ExtResource("1_sh2xf")]
transform = Transform3D(-0.119119, 0, 1.69582, 0, 1.7, 0, -1.69582, 0, -0.119119, -8.57492, -7.62939e-06, -213.29)

[node name="pileofsnow455" parent="." instance=ExtResource("1_sh2xf")]
transform = Transform3D(-0.114556, 0, 0.993417, 0, 1, 0, -0.993417, 0, -0.114556, -12.3718, -7.62939e-06, -221.351)

[node name="pileofsnow758" parent="." instance=ExtResource("1_sh2xf")]
transform = Transform3D(-0.114556, 0, 0.993417, 0, 1, 0, -0.993417, 0, -0.114556, -7.04609, -7.62939e-06, -221.556)

[node name="pileofsnow456" parent="." instance=ExtResource("1_sh2xf")]
transform = Transform3D(0.120746, 0, 1.6957, 0, 1.7, 0, -1.6957, 0, 0.120746, -18.5656, -7.62939e-06, -213.504)

[node name="pileofsnow457" parent="." instance=ExtResource("1_sh2xf")]
transform = Transform3D(0.0710274, 0, 0.997474, 0, 1, 0, -0.997474, 0, 0.0710274, -18.033, -7.62939e-06, -221.436)

[node name="pileofsnow458" parent="." instance=ExtResource("1_sh2xf")]
transform = Transform3D(0.720333, 0, 1.53984, 0, 1.7, 0, -1.53984, 0, 0.720333, -28.0396, 0, -215.971)

[node name="pileofsnow459" parent="." instance=ExtResource("1_sh2xf")]
transform = Transform3D(0.423725, 0, 0.905791, 0, 1, 0, -0.905791, 0, 0.423725, -23.5745, 0, -222.842)

[node name="pileofsnow460" parent="." instance=ExtResource("1_sh2xf")]
transform = Transform3D(1.27287, 0, 1.12685, 0, 1.7, 0, -1.12685, 0, 1.27287, -36.1412, 0, -221.982)

[node name="pileofsnow461" parent="." instance=ExtResource("1_sh2xf")]
transform = Transform3D(0.680849, 0, 0.732424, 0, 1, 0, -0.732424, 0, 0.680849, -28.6294, 0, -226.252)

[node name="pileofsnow462" parent="." instance=ExtResource("1_sh2xf")]
transform = Transform3D(1.52063, 0, -0.760055, 0, 1.7, 0, 0.760055, 0, 1.52063, -5.88428, 0, -46.8876)

[node name="pileofsnow464" parent="." instance=ExtResource("1_sh2xf")]
transform = Transform3D(1.21518, 0, -1.18884, 0, 1.7, 0, 1.18884, 0, 1.21518, 1.27307, 0, -59.2677)

[node name="pileofsnow465" parent="." instance=ExtResource("1_sh2xf")]
transform = Transform3D(0.737972, 0, -0.67483, 0, 1, 0, 0.67483, 0, 0.737972, 7.83417, -0.220478, -53.4146)

[node name="pileofsnow466" parent="." instance=ExtResource("1_sh2xf")]
transform = Transform3D(1.02048, 0, -1.35965, 0, 1.7, 0, 1.35965, 0, 1.02048, 11.8258, -9.53674e-07, -68.8603)

[node name="pileofsnow467" parent="." instance=ExtResource("1_sh2xf")]
transform = Transform3D(0.58398, 0, -0.811767, 0, 1, 0, 0.811767, 0, 0.58398, 13.9238, 0, -59.5537)

[node name="pileofsnow740" parent="." instance=ExtResource("1_sh2xf")]
transform = Transform3D(0.60148, 0, -0.798887, 0, 1, 0, 0.798887, 0, 0.60148, 21.0078, -2.86102e-06, -64.5678)

[node name="pileofsnow470" parent="." instance=ExtResource("1_sh2xf")]
transform = Transform3D(1.04372, 0, -1.34188, 0, 1.7, 0, 1.34188, 0, 1.04372, 27.9618, 0.129528, -80.3339)

[node name="pileofsnow471" parent="." instance=ExtResource("1_sh2xf")]
transform = Transform3D(0.672509, 0, -0.74009, 0, 1, 0, 0.74009, 0, 0.672509, 27.9109, 1.90735e-06, -69.6013)

[node name="pileofsnow472" parent="." instance=ExtResource("1_sh2xf")]
transform = Transform3D(1.29496, 0, -1.10139, 0, 1.7, 0, 1.10139, 0, 1.29496, 35.4205, 0, -87.5282)

[node name="pileofsnow741" parent="." instance=ExtResource("1_sh2xf")]
transform = Transform3D(0.710358, 0, -0.703841, 0, 1, 0, 0.703841, 0, 0.710358, 34.258, 0, -75.3938)

[node name="pileofsnow474" parent="." instance=ExtResource("1_sh2xf")]
transform = Transform3D(0.789259, 0, -1.50568, 0, 1.7, 0, 1.50568, 0, 0.789259, 44.0369, 0, -93.6017)

[node name="pileofsnow475" parent="." instance=ExtResource("1_sh2xf")]
transform = Transform3D(0.46427, 0, -0.885694, 0, 1, 0, 0.885694, 0, 0.46427, 40.6258, -9.53674e-07, -81.089)

[node name="pileofsnow476" parent="." instance=ExtResource("1_sh2xf")]
transform = Transform3D(0.382764, 0, -1.65635, 0, 1.7, 0, 1.65635, 0, 0.382764, 52.7243, 0, -96.8358)

[node name="pileofsnow477" parent="." instance=ExtResource("1_sh2xf")]
transform = Transform3D(0.225155, 0, -0.974323, 0, 1, 0, 0.974323, 0, 0.225155, 50.1249, 0, -86.0163)

[node name="pileofsnow742" parent="." instance=ExtResource("1_sh2xf")]
transform = Transform3D(0.225155, 0, -0.974323, 0, 1, 0, 0.974323, 0, 0.225155, 56.3874, 0, -87.6581)

[node name="pileofsnow478" parent="." instance=ExtResource("1_sh2xf")]
transform = Transform3D(0.38522, 0, -1.65578, 0, 1.7, 0, 1.65578, 0, 0.38522, 62.3326, 0, -98.7433)

[node name="pileofsnow479" parent="." instance=ExtResource("1_sh2xf")]
transform = Transform3D(0.437665, 0, -0.899138, 0, 1, 0, 0.899138, 0, 0.437665, 62.2047, 0, -89.6277)

[node name="pileofsnow480" parent="." instance=ExtResource("1_sh2xf")]
transform = Transform3D(0.980002, 0, -1.3891, 0, 1.7, 0, 1.3891, 0, 0.980002, 69.9335, 0, -101.904)

[node name="pileofsnow481" parent="." instance=ExtResource("1_sh2xf")]
transform = Transform3D(0.724725, 0, -0.689038, 0, 1, 0, 0.689038, 0, 0.724725, 76.2523, 0, -97.0201)

[node name="pileofsnow745" parent="." instance=ExtResource("1_sh2xf")]
transform = Transform3D(0.875768, 0, -0.482732, 0, 1, 0, 0.482732, 0, 0.875768, 79.6726, 0, -101.951)

[node name="pileofsnow743" parent="." instance=ExtResource("1_sh2xf")]
transform = Transform3D(0.375723, 0, -0.926732, 0, 1, 0, 0.926732, 0, 0.375723, 71.1161, 1.90735e-06, -93.7622)

[node name="pileofsnow744" parent="." instance=ExtResource("1_sh2xf")]
transform = Transform3D(0.375723, 0, -0.926732, 0, 1, 0, 0.926732, 0, 0.375723, 66.3425, 1.90735e-06, -91.3669)

[node name="pileofsnow482" parent="." instance=ExtResource("1_sh2xf")]
transform = Transform3D(1.68442, 0, -0.229571, 0, 1.7, 0, 0.229571, 0, 1.68442, 74.4125, 0, -109.363)

[node name="pileofsnow483" parent="." instance=ExtResource("1_sh2xf")]
transform = Transform3D(0.971685, 0, -0.236279, 0, 1, 0, 0.236279, 0, 0.971685, 81.4964, 0, -107.395)

[node name="pileofsnow746" parent="." instance=ExtResource("1_sh2xf")]
transform = Transform3D(0.997159, 0, 0.0753262, 0, 1, 0, -0.0753262, 0, 0.997159, 82.3001, 0, -112.978)

[node name="pileofsnow484" parent="." instance=ExtResource("1_sh2xf")]
transform = Transform3D(1.67934, 0, 0.264209, 0, 1.7, 0, -0.264209, 0, 1.67934, 74.1807, 0, -117.259)

[node name="pileofsnow485" parent="." instance=ExtResource("1_sh2xf")]
transform = Transform3D(0.98336, 0, 0.181669, 0, 1, 0, -0.181669, 0, 0.98336, 82.1542, 0, -117.704)

[node name="pileofsnow747" parent="." instance=ExtResource("1_sh2xf")]
transform = Transform3D(0.938427, 0, 0.345478, 0, 1, 0, -0.345478, 0, 0.938427, 80.912, 0, -123.366)

[node name="pileofsnow486" parent="." instance=ExtResource("1_sh2xf")]
transform = Transform3D(1.30604, 0, 1.08823, 0, 1.7, 0, -1.08823, 0, 1.30604, 70.7052, 0, -123.755)

[node name="pileofsnow487" parent="." instance=ExtResource("1_sh2xf")]
transform = Transform3D(0.768261, 0, 0.640136, 0, 1, 0, -0.640136, 0, 0.768261, 77.8463, 0, -128.268)

[node name="pileofsnow488" parent="." instance=ExtResource("1_sh2xf")]
transform = Transform3D(1.46921, 0, 0.855236, 0, 1.7, 0, -0.855236, 0, 1.46921, 65.6257, 0, -130.776)

[node name="pileofsnow489" parent="." instance=ExtResource("1_sh2xf")]
transform = Transform3D(0.86424, 0, 0.50308, 0, 1, 0, -0.50308, 0, 0.86424, 74.3104, 0, -133.185)

[node name="pileofsnow490" parent="." instance=ExtResource("1_sh2xf")]
transform = Transform3D(1.46921, 0, 0.855236, 0, 1.7, 0, -0.855236, 0, 1.46921, 61.3303, 0, -138.038)

[node name="pileofsnow491" parent="." instance=ExtResource("1_sh2xf")]
transform = Transform3D(0.86424, 0, 0.50308, 0, 1, 0, -0.50308, 0, 0.86424, 71.2518, 0, -138.353)

[node name="pileofsnow748" parent="." instance=ExtResource("1_sh2xf")]
transform = Transform3D(0.782206, 0, 0.62302, 0, 1, 0, -0.62302, 0, 0.782206, 67.9934, 0, -143.276)

[node name="pileofsnow492" parent="." instance=ExtResource("1_sh2xf")]
transform = Transform3D(1.3996, 0, 0.964944, 0, 1.7, 0, -0.964944, 0, 1.3996, 55.8159, 0, -144.304)

[node name="pileofsnow493" parent="." instance=ExtResource("1_sh2xf")]
transform = Transform3D(0.736121, 0, 0.67685, 0, 1, 0, -0.67685, 0, 0.736121, 64.0126, 0, -147.66)

[node name="pileofsnow494" parent="." instance=ExtResource("1_sh2xf")]
transform = Transform3D(0.562659, 0, -1.60419, 0, 1.7, 0, 1.60419, 0, 0.562659, 36.0301, 0, -479.896)

[node name="pileofsnow495" parent="." instance=ExtResource("1_sh2xf")]
transform = Transform3D(-0.187994, 0, -1.68958, 0, 1.7, 0, 1.68958, 0, -0.187994, 46.0766, 0, -481.051)

[node name="pileofsnow496" parent="." instance=ExtResource("1_sh2xf")]
transform = Transform3D(0.291988, 0, -0.956422, 0, 1, 0, 0.956422, 0, 0.291988, 41.0883, 0, -473.417)

[node name="pileofsnow799" parent="." instance=ExtResource("1_sh2xf")]
transform = Transform3D(-0.101994, 0, -0.994785, 0, 1, 0, 0.994785, 0, -0.101994, 45.8106, 0, -473.691)

[node name="pileofsnow497" parent="." instance=ExtResource("1_sh2xf")]
transform = Transform3D(1.00934, 0, -1.36793, 0, 1.7, 0, 1.36793, 0, 1.00934, 27.0034, 0, -474.677)

[node name="pileofsnow498" parent="." instance=ExtResource("1_sh2xf")]
transform = Transform3D(0.683757, 0, -0.72971, 0, 1, 0, 0.72971, 0, 0.683757, 32.8168, 0, -466.358)

[node name="pileofsnow798" parent="." instance=ExtResource("1_sh2xf")]
transform = Transform3D(0.683757, 0, -0.72971, 0, 1, 0, 0.72971, 0, 0.683757, 37.1868, 0, -470.728)

[node name="pileofsnow499" parent="." instance=ExtResource("1_sh2xf")]
transform = Transform3D(1.42619, 0, -0.925193, 0, 1.7, 0, 0.925193, 0, 1.42619, 20.0967, 0, -467.216)

[node name="pileofsnow500" parent="." instance=ExtResource("1_sh2xf")]
transform = Transform3D(0.838936, 0, -0.544229, 0, 1, 0, 0.544229, 0, 0.838936, 29.0178, 0, -461.603)

[node name="pileofsnow501" parent="." instance=ExtResource("1_sh2xf")]
transform = Transform3D(1.65962, 0, -0.368296, 0, 1.7, 0, 0.368296, 0, 1.65962, 17.0604, 0, -459.819)

[node name="pileofsnow502" parent="." instance=ExtResource("1_sh2xf")]
transform = Transform3D(0.97625, 0, -0.216645, 0, 1, 0, 0.216645, 0, 0.97625, 27.22, 0, -457.307)

[node name="pileofsnow797" parent="." instance=ExtResource("1_sh2xf")]
transform = Transform3D(0.840141, 0, 0.542367, 0, 1, 0, -0.542367, 0, 0.840141, 28.4365, 0, -451.65)

[node name="pileofsnow503" parent="." instance=ExtResource("1_sh2xf")]
transform = Transform3D(1.60677, 0, 0.555232, 0, 1.7, 0, -0.555232, 0, 1.60677, 18.6706, 0, -444.566)

[node name="pileofsnow794" parent="." instance=ExtResource("1_sh2xf")]
transform = Transform3D(1.68436, 0, 0.23004, 0, 1.7, 0, -0.23004, 0, 1.68436, 16.5418, 0, -452.704)

[node name="pileofsnow504" parent="." instance=ExtResource("1_sh2xf")]
transform = Transform3D(0.896209, 0, 0.443635, 0, 1, 0, -0.443635, 0, 0.896209, 31.3932, 0, -446.922)

[node name="pileofsnow795" parent="." instance=ExtResource("1_sh2xf")]
transform = Transform3D(0.945161, 0, 0.326608, 0, 1, 0, -0.326608, 0, 0.945161, 33.4982, 0, -442.515)

[node name="pileofsnow796" parent="." instance=ExtResource("1_sh2xf")]
transform = Transform3D(0.995136, 0, -0.0985209, 0, 1, 0, 0.0985209, 0, 0.995136, 33.9355, 0, -438.104)

[node name="pileofsnow505" parent="." instance=ExtResource("1_sh2xf")]
transform = Transform3D(1.19634, 0, 1.20779, 0, 1.7, 0, -1.20779, 0, 1.19634, 36.1353, 0, -413.018)

[node name="pileofsnow506" parent="." instance=ExtResource("1_sh2xf")]
transform = Transform3D(0.610505, 0, 0.792012, 0, 1, 0, -0.792012, 0, 0.610505, 45.6852, 0, -415.857)

[node name="pileofsnow507" parent="." instance=ExtResource("1_sh2xf")]
transform = Transform3D(1.62482, 0, 0.49998, 0, 1.7, 0, -0.49998, 0, 1.62482, 26.4343, 0, -427.549)

[node name="pileofsnow508" parent="." instance=ExtResource("1_sh2xf")]
transform = Transform3D(0.785263, 0, 0.619162, 0, 1, 0, -0.619162, 0, 0.785263, 37.6094, 0, -423.137)

[node name="pileofsnow793" parent="." instance=ExtResource("1_sh2xf")]
transform = Transform3D(0.710308, 0, 0.703891, 0, 1, 0, -0.703891, 0, 0.710308, 41.2262, 0, -419.319)

[node name="pileofsnow509" parent="." instance=ExtResource("1_sh2xf")]
transform = Transform3D(1.35767, 0, 1.0231, 0, 1.7, 0, -1.0231, 0, 1.35767, 29.9439, 0, -420.052)

[node name="pileofsnow510" parent="." instance=ExtResource("1_sh2xf")]
transform = Transform3D(0.989641, 0, 0.143561, 0, 1, 0, -0.143561, 0, 0.989641, 35.5186, 0, -427.968)

[node name="pileofsnow511" parent="." instance=ExtResource("1_sh2xf")]
transform = Transform3D(1.53889, 0, 0.722378, 0, 1.7, 0, -0.722378, 0, 1.53889, 23.1365, 0, -435.158)

[node name="pileofsnow512" parent="." instance=ExtResource("1_sh2xf")]
transform = Transform3D(0.976481, 0, 0.215605, 0, 1, 0, -0.215605, 0, 0.976481, 34.4485, 0, -433.771)

[node name="pileofsnow513" parent="." instance=ExtResource("1_sh2xf")]
transform = Transform3D(1.6097, 0, 0.546699, 0, 1.7, 0, -0.546699, 0, 1.6097, 51.1727, 0, -152.845)

[node name="pileofsnow514" parent="." instance=ExtResource("1_sh2xf")]
transform = Transform3D(0.94688, 0, 0.321588, 0, 1, 0, -0.321588, 0, 0.94688, 61.0051, 0, -152.832)

[node name="pileofsnow515" parent="." instance=ExtResource("1_sh2xf")]
transform = Transform3D(1.67395, 0, 0.296458, 0, 1.7, 0, -0.296458, 0, 1.67395, 49.2603, 0, -161.07)

[node name="pileofsnow516" parent="." instance=ExtResource("1_sh2xf")]
transform = Transform3D(0.984677, 0, 0.174387, 0, 1, 0, -0.174387, 0, 0.984677, 59.6466, 0, -158.234)

[node name="pileofsnow749" parent="." instance=ExtResource("1_sh2xf")]
transform = Transform3D(0.984677, 0, 0.174387, 0, 1, 0, -0.174387, 0, 0.984677, 58.5814, 0, -163.48)

[node name="pileofsnow517" parent="." instance=ExtResource("1_sh2xf")]
transform = Transform3D(1.67395, 0, 0.296458, 0, 1.7, 0, -0.296458, 0, 1.67395, 47.5367, 0, -166.777)

[node name="pileofsnow518" parent="." instance=ExtResource("1_sh2xf")]
transform = Transform3D(0.984677, 0, 0.174387, 0, 1, 0, -0.174387, 0, 0.984677, 57.5187, 0, -168.62)

[node name="pileofsnow519" parent="." instance=ExtResource("1_sh2xf")]
transform = Transform3D(1.62238, 0, 0.507832, 0, 1.7, 0, -0.507832, 0, 1.62238, 46.0462, 0, -174.596)

[node name="pileofsnow520" parent="." instance=ExtResource("1_sh2xf")]
transform = Transform3D(0.997201, 0, 0.0747694, 0, 1, 0, -0.0747694, 0, 0.997201, 56.5344, 0, -178.868)

[node name="pileofsnow751" parent="." instance=ExtResource("1_sh2xf")]
transform = Transform3D(0.997201, 0, 0.0747694, 0, 1, 0, -0.0747694, 0, 0.997201, 56.0049, 0, -184.669)

[node name="pileofsnow750" parent="." instance=ExtResource("1_sh2xf")]
transform = Transform3D(0.997201, 0, 0.0747694, 0, 1, 0, -0.0747694, 0, 0.997201, 56.8246, 0, -173.08)

[node name="pileofsnow521" parent="." instance=ExtResource("1_sh2xf")]
transform = Transform3D(1.69506, 0, -0.129593, 0, 1.7, 0, 0.129593, 0, 1.69506, 45.582, 0, -183.117)

[node name="pileofsnow522" parent="." instance=ExtResource("1_sh2xf")]
transform = Transform3D(1.4766, 0, 0.842408, 0, 1.7, 0, -0.842408, 0, 1.4766, -41.4785, 0.0352631, -229.74)

[node name="pileofsnow523" parent="." instance=ExtResource("1_sh2xf")]
transform = Transform3D(0.797057, 0, 0.603903, 0, 1, 0, -0.603903, 0, 0.797057, -32.7457, 0, -230.64)

[node name="pileofsnow524" parent="." instance=ExtResource("1_sh2xf")]
transform = Transform3D(1.68162, 0, 0.249308, 0, 1.7, 0, -0.249308, 0, 1.68162, -44.488, 0, -237.755)

[node name="pileofsnow525" parent="." instance=ExtResource("1_sh2xf")]
transform = Transform3D(0.984156, 0, 0.177307, 0, 1, 0, -0.177307, 0, 0.984156, -35.1529, 0, -236.07)

[node name="pileofsnow526" parent="." instance=ExtResource("1_sh2xf")]
transform = Transform3D(1.6517, 0, 0.402364, 0, 1.7, 0, -0.402364, 0, 1.6517, -45.7836, 0, -246.092)

[node name="pileofsnow527" parent="." instance=ExtResource("1_sh2xf")]
transform = Transform3D(0.978642, 0, 0.205571, 0, 1, 0, -0.205571, 0, 0.978642, -36.4511, 0, -242.132)

[node name="pileofsnow759" parent="." instance=ExtResource("1_sh2xf")]
transform = Transform3D(0.938866, 0, 0.344282, 0, 1, 0, -0.344282, 0, 0.938866, -38.0202, 0, -247.442)

[node name="pileofsnow528" parent="." instance=ExtResource("1_sh2xf")]
transform = Transform3D(1.65767, 0, 0.37701, 0, 1.7, 0, -0.37701, 0, 1.65767, -48.5806, 0, -253.957)

[node name="pileofsnow529" parent="." instance=ExtResource("1_sh2xf")]
transform = Transform3D(0.933812, 0, 0.357765, 0, 1, 0, -0.357765, 0, 0.933812, -39.9719, 0, -252.569)

[node name="pileofsnow530" parent="." instance=ExtResource("1_sh2xf")]
transform = Transform3D(1.69766, 0, -0.0893293, 0, 1.7, 0, 0.0893293, 0, 1.69766, -49.7248, 0, -263.611)

[node name="pileofsnow531" parent="." instance=ExtResource("1_sh2xf")]
transform = Transform3D(0.998619, 0, -0.0525454, 0, 1, 0, 0.0525454, 0, 0.998619, -40.9359, 0, -264.185)

[node name="pileofsnow760" parent="." instance=ExtResource("1_sh2xf")]
transform = Transform3D(0.998619, 0, -0.0525454, 0, 1, 0, 0.0525454, 0, 0.998619, -40.9411, 0, -258.421)

[node name="pileofsnow532" parent="." instance=ExtResource("1_sh2xf")]
transform = Transform3D(0.739007, 0, 1.53096, 0, 1.7, 0, -1.53096, 0, 0.739007, -113.373, -7.62939e-06, -312.535)

[node name="pileofsnow533" parent="." instance=ExtResource("1_sh2xf")]
transform = Transform3D(0.386341, 0, 0.922356, 0, 1, 0, -0.922356, 0, 0.386341, -105.528, 0.0669498, -320.638)

[node name="pileofsnow534" parent="." instance=ExtResource("1_sh2xf")]
transform = Transform3D(0.858489, 0, 1.46731, 0, 1.7, 0, -1.46731, 0, 0.858489, -120.548, -7.62939e-06, -316.941)

[node name="pileofsnow535" parent="." instance=ExtResource("1_sh2xf")]
transform = Transform3D(0.469441, 0, 0.882964, 0, 1, 0, -0.882964, 0, 0.469441, -110.86, -7.62939e-06, -322.894)

[node name="pileofsnow536" parent="." instance=ExtResource("1_sh2xf")]
transform = Transform3D(1.17295, 0, 1.23052, 0, 1.7, 0, -1.23052, 0, 1.17295, -129.01, -7.62939e-06, -322.815)

[node name="pileofsnow537" parent="." instance=ExtResource("1_sh2xf")]
transform = Transform3D(0.370687, 0, 0.928758, 0, 1, 0, -0.928758, 0, 0.370687, -115.673, -7.62939e-06, -324.995)

[node name="pileofsnow538" parent="." instance=ExtResource("1_sh2xf")]
transform = Transform3D(1.43612, 0, 0.909701, 0, 1.7, 0, -0.909701, 0, 1.43612, -135.105, -7.62939e-06, -330.598)

[node name="pileofsnow539" parent="." instance=ExtResource("1_sh2xf")]
transform = Transform3D(1.66838, 0, -0.326357, 0, 1.7, 0, 0.326357, 0, 1.66838, -136.794, -7.62939e-06, -340.504)

[node name="pileofsnow540" parent="." instance=ExtResource("1_sh2xf")]
transform = Transform3D(0.734334, 0, 0.678788, 0, 1, 0, -0.678788, 0, 0.734334, -120.602, -7.62939e-06, -328.541)

[node name="pileofsnow541" parent="." instance=ExtResource("1_sh2xf")]
transform = Transform3D(1.69817, 0, 0.0787167, 0, 1.7, 0, -0.0787167, 0, 1.69817, -135.643, 0, -348.913)

[node name="pileofsnow542" parent="." instance=ExtResource("1_sh2xf")]
transform = Transform3D(0.957813, 0, 0.287394, 0, 1, 0, -0.287394, 0, 0.957813, -127.583, 0, -338.214)

[node name="pileofsnow771" parent="." instance=ExtResource("1_sh2xf")]
transform = Transform3D(0.752438, 0, 0.658664, 0, 1, 0, -0.658664, 0, 0.752438, -124.588, 0, -332.823)

[node name="pileofsnow543" parent="." instance=ExtResource("1_sh2xf")]
transform = Transform3D(1.58964, 0, -0.602516, 0, 1.7, 0, 0.602516, 0, 1.58964, -134.091, 0, -358.881)

[node name="pileofsnow544" parent="." instance=ExtResource("1_sh2xf")]
transform = Transform3D(0.935086, 0, -0.354422, 0, 1, 0, 0.354422, 0, 0.935086, -126.521, 0, -355.958)

[node name="pileofsnow545" parent="." instance=ExtResource("1_sh2xf")]
transform = Transform3D(0.999916, 0, -0.0130026, 0, 1, 0, 0.0130026, 0, 0.999916, -128.507, 0, -344.589)

[node name="pileofsnow772" parent="." instance=ExtResource("1_sh2xf")]
transform = Transform3D(0.987309, 0, -0.158813, 0, 1, 0, 0.158813, 0, 0.987309, -128.048, 0, -350.291)

[node name="pileofsnow546" parent="." instance=ExtResource("1_sh2xf")]
transform = Transform3D(1.30366, 0, -1.09107, 0, 1.7, 0, 1.09107, 0, 1.30366, -129.237, 0, -367.941)

[node name="pileofsnow547" parent="." instance=ExtResource("1_sh2xf")]
transform = Transform3D(0.828715, 0, -0.55967, 0, 1, 0, 0.55967, 0, 0.828715, -123.601, 0, -361.138)

[node name="pileofsnow548" parent="." instance=ExtResource("1_sh2xf")]
transform = Transform3D(1.1035, 0, -1.29317, 0, 1.7, 0, 1.29317, 0, 1.1035, -123.234, 0, -374.191)

[node name="pileofsnow549" parent="." instance=ExtResource("1_sh2xf")]
transform = Transform3D(0.758157, 0, -0.652073, 0, 1, 0, 0.652073, 0, 0.758157, -120.112, 0, -365.71)

[node name="pileofsnow773" parent="." instance=ExtResource("1_sh2xf")]
transform = Transform3D(0.669558, 0, -0.74276, 0, 1, 0, 0.74276, 0, 0.669558, -116.629, 0, -369.679)

[node name="pileofsnow550" parent="." instance=ExtResource("1_sh2xf")]
transform = Transform3D(0.825736, 0, -1.48599, 0, 1.7, 0, 1.48599, 0, 0.825736, -116.777, 0, -379.198)

[node name="pileofsnow551" parent="." instance=ExtResource("1_sh2xf")]
transform = Transform3D(0.581015, 0, -0.813893, 0, 1, 0, 0.813893, 0, 0.581015, -112.08, 0, -373.126)

[node name="pileofsnow552" parent="." instance=ExtResource("1_sh2xf")]
transform = Transform3D(0.775193, 0, -1.51297, 0, 1.7, 0, 1.51297, 0, 0.775193, -108.538, 0, -383.189)

[node name="pileofsnow553" parent="." instance=ExtResource("1_sh2xf")]
transform = Transform3D(0.455996, 0, -0.889982, 0, 1, 0, 0.889982, 0, 0.455996, -106.937, 0, -375.966)

[node name="pileofsnow554" parent="." instance=ExtResource("1_sh2xf")]
transform = Transform3D(0.333223, 0, -1.66703, 0, 1.7, 0, 1.66703, 0, 0.333223, -99.467, 0, -386.685)

[node name="pileofsnow555" parent="." instance=ExtResource("1_sh2xf")]
transform = Transform3D(0.196014, 0, -0.980601, 0, 1, 0, 0.980601, 0, 0.196014, -101.35, 0, -377.77)

[node name="pileofsnow556" parent="." instance=ExtResource("1_sh2xf")]
transform = Transform3D(1.66451, 0, -0.345552, 0, 1.7, 0, 0.345552, 0, 1.66451, -48.4502, 0, -271.958)

[node name="pileofsnow557" parent="." instance=ExtResource("1_sh2xf")]
transform = Transform3D(0.979123, 0, -0.203266, 0, 1, 0, 0.203266, 0, 0.979123, -40.097, 0, -270.189)

[node name="pileofsnow558" parent="." instance=ExtResource("1_sh2xf")]
transform = Transform3D(1.66451, 0, -0.345552, 0, 1.7, 0, 0.345552, 0, 1.66451, -47.9342, 0, -277.897)

[node name="pileofsnow559" parent="." instance=ExtResource("1_sh2xf")]
transform = Transform3D(0.979123, 0, -0.203266, 0, 1, 0, 0.203266, 0, 0.979123, -39.0549, 0, -275.806)

[node name="pileofsnow761" parent="." instance=ExtResource("1_sh2xf")]
transform = Transform3D(0.953921, 0, -0.300057, 0, 1, 0, 0.300057, 0, 0.953921, -37.5736, 0, -281.168)

[node name="pileofsnow560" parent="." instance=ExtResource("1_sh2xf")]
transform = Transform3D(1.69501, 0, -0.130127, 0, 1.7, 0, 0.130127, 0, 1.69501, -46.4183, 0, -285.712)

[node name="pileofsnow561" parent="." instance=ExtResource("1_sh2xf")]
transform = Transform3D(0.94942, 0, -0.314009, 0, 1, 0, 0.314009, 0, 0.94942, -35.8311, -0.0643444, -286.462)

[node name="pileofsnow562" parent="." instance=ExtResource("1_sh2xf")]
transform = Transform3D(1.52609, 0, -0.749043, 0, 1.7, 0, 0.749043, 0, 1.52609, -43.6889, 0, -293.797)

[node name="pileofsnow563" parent="." instance=ExtResource("1_sh2xf")]
transform = Transform3D(1.69506, 0, -0.129593, 0, 1.7, 0, 0.129593, 0, 1.69506, 45.1773, 0, -190.653)

[node name="pileofsnow564" parent="." instance=ExtResource("1_sh2xf")]
transform = Transform3D(0.996747, 0, 0.0805991, 0, 1, 0, -0.0805991, 0, 0.996747, 55.7152, 0, -190.465)

[node name="pileofsnow565" parent="." instance=ExtResource("1_sh2xf")]
transform = Transform3D(1.69218, 0, 0.16288, 0, 1.7, 0, -0.16288, 0, 1.69218, 44.6506, 0, -197.802)

[node name="pileofsnow566" parent="." instance=ExtResource("1_sh2xf")]
transform = Transform3D(0.9954, 0, 0.0958112, 0, 1, 0, -0.0958112, 0, 0.9954, 55.0412, 0, -195.903)

[node name="pileofsnow752" parent="." instance=ExtResource("1_sh2xf")]
transform = Transform3D(0.998077, 0, -0.0619891, 0, 1, 0, 0.0619891, 0, 0.998077, 55.1529, 0, -201.779)

[node name="pileofsnow567" parent="." instance=ExtResource("1_sh2xf")]
transform = Transform3D(1.66045, 0, 0.364557, 0, 1.7, 0, -0.364557, 0, 1.66045, 43.2519, 0, -205.631)

[node name="pileofsnow568" parent="." instance=ExtResource("1_sh2xf")]
transform = Transform3D(0.976735, 0, 0.214445, 0, 1, 0, -0.214445, 0, 0.976735, 54.7859, 0, -207.649)

[node name="pileofsnow569" parent="." instance=ExtResource("1_sh2xf")]
transform = Transform3D(1.34727, 0, 1.03675, 0, 1.7, 0, -1.03675, 0, 1.34727, 40.2583, 0, -211.764)

[node name="pileofsnow570" parent="." instance=ExtResource("1_sh2xf")]
transform = Transform3D(0.712639, 0, 0.701532, 0, 1, 0, -0.701532, 0, 0.712639, 48.5881, 0, -216.179)

[node name="pileofsnow754" parent="." instance=ExtResource("1_sh2xf")]
transform = Transform3D(0.712639, 0, 0.701532, 0, 1, 0, -0.701532, 0, 0.712639, 44.1131, 0, -220.347)

[node name="pileofsnow753" parent="." instance=ExtResource("1_sh2xf")]
transform = Transform3D(0.724161, 0, 0.689633, 0, 1, 0, -0.689633, 0, 0.724161, 52.3588, 0, -211.922)

[node name="pileofsnow571" parent="." instance=ExtResource("1_sh2xf")]
transform = Transform3D(0.90576, 0, 1.43861, 0, 1.7, 0, -1.43861, 0, 0.90576, 34.3175, 7.62939e-06, -216.773)

[node name="pileofsnow572" parent="." instance=ExtResource("1_sh2xf")]
transform = Transform3D(0.532803, 0, 0.84624, 0, 1, 0, -0.84624, 0, 0.532803, 39.494, 7.62939e-06, -223.866)

[node name="pileofsnow755" parent="." instance=ExtResource("1_sh2xf")]
transform = Transform3D(0.136287, 0, 0.99067, 0, 1, 0, -0.99067, 0, 0.136287, 33.6115, 7.62939e-06, -225.779)

[node name="pileofsnow573" parent="." instance=ExtResource("1_sh2xf")]
transform = Transform3D(0.107809, 0, 1.69658, 0, 1.7, 0, -1.69658, 0, 0.107809, 25.2591, 1.52588e-05, -219.147)

[node name="pileofsnow574" parent="." instance=ExtResource("1_sh2xf")]
transform = Transform3D(0.106107, 0, 0.994355, 0, 1, 0, -0.994355, 0, 0.106107, 28.7013, 1.52588e-05, -226.352)

[node name="pileofsnow756" parent="." instance=ExtResource("1_sh2xf")]
transform = Transform3D(0.106107, 0, 0.994355, 0, 1, 0, -0.994355, 0, 0.106107, 22.2462, 1.52588e-05, -226.972)

[node name="pileofsnow575" parent="." instance=ExtResource("1_sh2xf")]
transform = Transform3D(-0.343111, 0, 1.66501, 0, 1.7, 0, -1.66501, 0, -0.343111, 17.1688, 7.62939e-06, -218.783)

[node name="pileofsnow576" parent="." instance=ExtResource("1_sh2xf")]
transform = Transform3D(-0.20183, 0, 0.979421, 0, 1, 0, -0.979421, 0, -0.20183, 16.5801, 7.62939e-06, -226.694)

[node name="pileofsnow577" parent="." instance=ExtResource("1_sh2xf")]
transform = Transform3D(-0.343111, 0, 1.66501, 0, 1.7, 0, -1.66501, 0, -0.343111, 9.34945, 7.62939e-06, -217.136)

[node name="pileofsnow578" parent="." instance=ExtResource("1_sh2xf")]
transform = Transform3D(-0.20183, 0, 0.979421, 0, 1, 0, -0.979421, 0, -0.20183, 11.0993, 7.62939e-06, -225.709)

[node name="pileofsnow757" parent="." instance=ExtResource("1_sh2xf")]
transform = Transform3D(-0.20183, 0, 0.979421, 0, 1, 0, -0.979421, 0, -0.20183, 4.77676, 7.62939e-06, -224.442)

