[gd_scene load_steps=5 format=3 uid="uid://b0fmehjv5ursh"]

[ext_resource type="PackedScene" uid="uid://v8vhjw8p10tk" path="res://scenes/tree_cluster_1.tscn" id="1_hald5"]
[ext_resource type="PackedScene" uid="uid://c8jro3t78ginl" path="res://scenes/tree_cluster_2.tscn" id="2_23bhx"]
[ext_resource type="PackedScene" uid="uid://dt7iaprndki67" path="res://scenes/foreststuff/FirTree2.tscn" id="3_1i7ry"]
[ext_resource type="PackedScene" uid="uid://1iyc5vrq46pw" path="res://scenes/tree_cluster_4.tscn" id="4_w5moh"]

[node name="Trees" type="Node3D"]
transform = Transform3D(1, 0, 0, 0, 1, 0, 0, 0, 1, 0, 0, -31.4051)

[node name="tree_cluster_1" parent="." instance=ExtResource("1_hald5")]
transform = Transform3D(-0.884971, 0, -0.465646, 0, 1, 0, 0.465646, 0, -0.884971, -5.43789, 0, 233.267)

[node name="tree_cluster_2" parent="." instance=ExtResource("1_hald5")]
transform = Transform3D(-0.971648, 0, 0.236431, 0, 1, 0, -0.236431, 0, -0.971648, -17.0914, 0, 205.045)

[node name="tree_cluster_3" parent="." instance=ExtResource("1_hald5")]
transform = Transform3D(-0.971648, 0, 0.236431, 0, 1, 0, -0.236431, 0, -0.971648, -6.483, 0, 166.394)

[node name="tree_cluster_7" parent="." instance=ExtResource("1_hald5")]
transform = Transform3D(-0.988444, 0, -0.151589, 0, 1, 0, 0.151589, 0, -0.988444, -15.2774, 0, 33.7402)

[node name="tree_cluster_8" parent="." instance=ExtResource("1_hald5")]
transform = Transform3D(-0.988444, 0, -0.151589, 0, 1, 0, 0.151589, 0, -0.988444, -18.2647, 0, -8.55128)

[node name="tree_cluster_9" parent="." instance=ExtResource("1_hald5")]
transform = Transform3D(-0.867609, 0, 0.497246, 0, 1, 0, -0.497246, 0, -0.867609, -7.08961, 0, -41.8624)

[node name="tree_cluster_14" parent="." instance=ExtResource("1_hald5")]
transform = Transform3D(-0.528364, 0, -0.849018, 0, 1, 0, 0.849018, 0, -0.528364, -49.2418, 0, -154.106)

[node name="tree_cluster_15" parent="." instance=ExtResource("1_hald5")]
transform = Transform3D(-0.916788, 0, -0.399373, 0, 1, 0, 0.399373, 0, -0.916788, -81.0815, 0, -197.166)

[node name="tree_cluster_16" parent="." instance=ExtResource("1_hald5")]
transform = Transform3D(-0.965935, 0, 0.258785, 0, 1, 0, -0.258785, 0, -0.965935, -74.663, 0, -233.067)

[node name="tree_cluster_48" parent="." instance=ExtResource("1_hald5")]
transform = Transform3D(-0.999999, 0, 0.00164047, 0, 1, 0, -0.00164047, 0, -0.999999, -12.643, 0, -404.407)

[node name="tree_cluster_49" parent="." instance=ExtResource("1_hald5")]
transform = Transform3D(-0.90697, 0, -0.421194, 0, 1, 0, 0.421194, 0, -0.90697, -5.70279, 0, -370.876)

[node name="tree_cluster_10" parent="." instance=ExtResource("1_hald5")]
transform = Transform3D(-0.867609, 0, 0.497246, 0, 1, 0, -0.497246, 0, -0.867609, 16.9222, 0, -76.8042)

[node name="tree_cluster_11" parent="." instance=ExtResource("1_hald5")]
transform = Transform3D(-0.96464, 0, -0.26357, 0, 1, 0, 0.26357, 0, -0.96464, 13.5947, 0, -141.238)

[node name="tree_cluster_4" parent="." instance=ExtResource("1_hald5")]
transform = Transform3D(-0.783986, 0, 0.620778, 0, 1, 0, -0.620778, 0, -0.783986, 14.0366, 0, 134.989)

[node name="tree_cluster_5" parent="." instance=ExtResource("2_23bhx")]
transform = Transform3D(-0.689316, 0, 0.724461, 0, 1, 0, -0.724461, 0, -0.689316, 26.0973, 0, 134.824)

[node name="tree_cluster_6" parent="." instance=ExtResource("2_23bhx")]
transform = Transform3D(-0.208748, 0, -0.97797, 0, 1, 0, 0.97797, 0, -0.208748, 26.4607, 0, 77.2048)

[node name="tree_cluster_12" parent="." instance=ExtResource("2_23bhx")]
transform = Transform3D(-0.845868, 0, -0.533393, 0, 1, 0, 0.533393, 0, -0.845868, 18.9313, 0, -104.745)

[node name="tree_cluster_58" parent="." instance=ExtResource("2_23bhx")]
transform = Transform3D(-0.9509, 0, -0.309499, 0, 1, 0, 0.309499, 0, -0.9509, 14.821, 0, 5.00495)

[node name="tree_cluster_59" parent="." instance=ExtResource("2_23bhx")]
transform = Transform3D(0.992839, 0, 0.119461, 0, 1, 0, -0.119461, 0, 0.992839, 7.49421, 0, 23.7505)

[node name="tree_cluster_13" parent="." instance=ExtResource("2_23bhx")]
transform = Transform3D(0.479336, 0, -0.877632, 0, 1, 0, 0.877632, 0, 0.479336, -22.0537, 0, -150.032)

[node name="tree_cluster_17" parent="." instance=ExtResource("2_23bhx")]
transform = Transform3D(-0.560682, 0, -0.828031, 0, 1, 0, 0.828031, 0, -0.560682, -70.3453, 0, -164.059)

[node name="tree_cluster_19" parent="." instance=ExtResource("1_hald5")]
transform = Transform3D(-0.300156, 0, -0.95389, 0, 1, 0, 0.95389, 0, -0.300156, -143.325, 7.62939e-06, -250.842)

[node name="tree_cluster_20" parent="." instance=ExtResource("1_hald5")]
transform = Transform3D(-0.794266, 0, -0.60757, 0, 1, 0, 0.60757, 0, -0.794266, -184.524, 7.62939e-06, -280.243)

[node name="tree_cluster_22" parent="." instance=ExtResource("1_hald5")]
transform = Transform3D(-0.999945, 0, 0.0104543, 0, 1, 0, -0.0104543, 0, -0.999945, -188.081, 0, -310.237)

[node name="tree_cluster_24" parent="." instance=ExtResource("1_hald5")]
transform = Transform3D(-0.0792595, 0, 0.996854, 0, 1, 0, -0.996854, 0, -0.0792595, -135.454, 0, -343.622)

[node name="tree_cluster_23" parent="." instance=ExtResource("1_hald5")]
transform = Transform3D(0.659897, 0, -0.751356, 0, 1, 0, 0.751356, 0, 0.659897, -195.061, -3.8147e-06, -345.848)

[node name="tree_cluster_32" parent="." instance=ExtResource("1_hald5")]
transform = Transform3D(0.308785, 0, 0.951132, 0, 1, 0, -0.951132, 0, 0.308785, 60.1764, 7.62939e-06, -342.929)

[node name="tree_cluster_43" parent="." instance=ExtResource("1_hald5")]
transform = Transform3D(0.893144, 0, -0.449771, 0, 1, 0, 0.449771, 0, 0.893144, 27.8201, 7.62939e-06, -389.956)

[node name="tree_cluster_33" parent="." instance=ExtResource("1_hald5")]
transform = Transform3D(0.829028, 0, 0.559207, 0, 1, 0, -0.559207, 0, 0.829028, 80.1358, 0, -320.26)

[node name="tree_cluster_34" parent="." instance=ExtResource("1_hald5")]
transform = Transform3D(0.644884, 0, -0.76428, 0, 1, 0, 0.76428, 0, 0.644884, 45.6928, 0, -270.686)

[node name="tree_cluster_40" parent="." instance=ExtResource("1_hald5")]
transform = Transform3D(0.0646369, 0, 0.997909, 0, 1, 0, -0.997909, 0, 0.0646369, 22.1938, 3.8147e-06, -258.189)

[node name="tree_cluster_35" parent="." instance=ExtResource("1_hald5")]
transform = Transform3D(-0.973988, 0, 0.2266, 0, 1, 0, -0.2266, 0, -0.973988, 101.769, -3.8147e-06, -296.256)

[node name="tree_cluster_36" parent="." instance=ExtResource("1_hald5")]
transform = Transform3D(0.645644, 0, 0.763638, 0, 1, 0, -0.763638, 0, 0.645644, 57.1267, 7.62939e-06, -90.5988)

[node name="tree_cluster_37" parent="." instance=ExtResource("1_hald5")]
transform = Transform3D(0.978964, 0, 0.204035, 0, 1, 0, -0.204035, 0, 0.978964, 61.0501, 0, -62.2499)

[node name="tree_cluster_38" parent="." instance=ExtResource("1_hald5")]
transform = Transform3D(0.291003, 0, -0.956722, 0, 1, 0, 0.956722, 0, 0.291003, 22.7756, 0, -18.1777)

[node name="tree_cluster_57" parent="." instance=ExtResource("1_hald5")]
transform = Transform3D(-0.755991, 0, -0.654583, 0, 1, 0, 0.654583, 0, -0.755991, 34.4506, 0, 24.5766)

[node name="tree_cluster_39" parent="." instance=ExtResource("1_hald5")]
transform = Transform3D(-0.805556, 0, 0.592519, 0, 1, 0, -0.592519, 0, -0.805556, 81.4752, -3.8147e-06, -28.7757)

[node name="tree_cluster_52" parent="." instance=ExtResource("1_hald5")]
transform = Transform3D(0.645644, 0, 0.763638, 0, 1, 0, -0.763638, 0, 0.645644, 59.0023, 7.62939e-06, 75.4157)

[node name="tree_cluster_53" parent="." instance=ExtResource("1_hald5")]
transform = Transform3D(0.978964, 0, 0.204035, 0, 1, 0, -0.204035, 0, 0.978964, 78.0301, 0, 104.15)

[node name="tree_cluster_54" parent="." instance=ExtResource("1_hald5")]
transform = Transform3D(-0.805556, 0, 0.592519, 0, 1, 0, -0.592519, 0, -0.805556, 89.1581, -3.8147e-06, 139.344)

[node name="tree_cluster_55" parent="." instance=ExtResource("1_hald5")]
transform = Transform3D(0.83455, 0, -0.550932, 0, 1, 0, 0.550932, 0, 0.83455, 36.6728, 7.62939e-06, 169.599)

[node name="tree_cluster_56" parent="." instance=ExtResource("1_hald5")]
transform = Transform3D(0.645365, 0, -0.763875, 0, 1, 0, 0.763875, 0, 0.645365, 7.38219, 0, 196.391)

[node name="tree_cluster_26" parent="." instance=ExtResource("1_hald5")]
transform = Transform3D(0.645191, 0, 0.764021, 0, 1, 0, -0.764021, 0, 0.645191, -59.0451, 0, -258.345)

[node name="tree_cluster_27" parent="." instance=ExtResource("1_hald5")]
transform = Transform3D(0.89268, 0, -0.45069, 0, 1, 0, 0.45069, 0, 0.89268, -56.5798, 0, -199.605)

[node name="tree_cluster_29" parent="." instance=ExtResource("1_hald5")]
transform = Transform3D(-0.459967, 0, 0.887936, 0, 1, 0, -0.887936, 0, -0.459967, 0.965822, 7.62939e-06, -181.888)

[node name="tree_cluster_30" parent="." instance=ExtResource("1_hald5")]
transform = Transform3D(0.72049, 0, 0.693465, 0, 1, 0, -0.693465, 0, 0.72049, 22.7401, 7.62939e-06, -168.462)

[node name="tree_cluster_31" parent="." instance=ExtResource("1_hald5")]
transform = Transform3D(0.982444, 0, 0.186558, 0, 1, 0, -0.186558, 0, 0.982444, 38.9416, -3.8147e-06, -137.268)

[node name="tree_cluster_28" parent="." instance=ExtResource("1_hald5")]
transform = Transform3D(-0.984935, 0, -0.172926, 0, 1, 0, 0.172926, 0, -0.984935, -23.6821, -3.8147e-06, -249.361)

[node name="tree_cluster_21" parent="." instance=ExtResource("2_23bhx")]
transform = Transform3D(-0.336684, 0, -0.941618, 0, 1, 0, 0.941618, 0, -0.336684, -162.108, 7.62939e-06, -260.322)

[node name="tree_cluster_61" parent="." instance=ExtResource("2_23bhx")]
transform = Transform3D(0.0747178, 0, -0.997205, 0, 1, 0, 0.997205, 0, 0.0747178, -115.983, 7.62939e-06, -311.851)

[node name="tree_cluster_18" parent="." instance=ExtResource("2_23bhx")]
transform = Transform3D(0.397949, 0, -0.917408, 0, 1, 0, 0.917408, 0, 0.397949, -110.248, 0, -245.881)

[node name="tree_cluster_41" parent="." instance=ExtResource("2_23bhx")]
transform = Transform3D(0.397949, 0, -0.917408, 0, 1, 0, 0.917408, 0, 0.397949, -12.4809, 0, -271.699)

[node name="tree_cluster_44" parent="." instance=ExtResource("2_23bhx")]
transform = Transform3D(0.397949, 0, -0.917408, 0, 1, 0, 0.917408, 0, 0.397949, 25.3558, 0, -442.799)

[node name="tree_cluster_60" parent="." instance=ExtResource("2_23bhx")]
transform = Transform3D(0.692798, 0, 0.721132, 0, 1, 0, -0.721132, 0, 0.692798, 23.3196, 0, -366.415)

[node name="tree_cluster_50" parent="." instance=ExtResource("2_23bhx")]
transform = Transform3D(-0.4245, 0, -0.905428, 0, 1, 0, 0.905428, 0, -0.4245, 12.4385, 0, -344.37)

[node name="tree_cluster_51" parent="." instance=ExtResource("2_23bhx")]
transform = Transform3D(-0.636267, 0, -0.771469, 0, 1, 0, 0.771469, 0, -0.636267, 29.4468, 0, -334.63)

[node name="tree_cluster_46" parent="." instance=ExtResource("2_23bhx")]
transform = Transform3D(-0.35042, 0, -0.936593, 0, 1, 0, 0.936593, 0, -0.35042, 81.1268, 0, -607.992)

[node name="tree_cluster_47" parent="." instance=ExtResource("2_23bhx")]
transform = Transform3D(-0.777014, 0, -0.629483, 0, 1, 0, 0.629483, 0, -0.777014, -11.8091, 0, -532.186)

[node name="tree_cluster_45" parent="." instance=ExtResource("2_23bhx")]
transform = Transform3D(-0.633773, 0, 0.77352, 0, 1, 0, -0.77352, 0, -0.633773, 5.83957, 0, -432.512)

[node name="tree_cluster_42" parent="." instance=ExtResource("2_23bhx")]
transform = Transform3D(0.321853, 0, 0.94679, 0, 1, 0, -0.94679, 0, 0.321853, -32.4561, -1.69335, -267.907)

[node name="Tree2" parent="." instance=ExtResource("3_1i7ry")]
transform = Transform3D(2.5, 0, 0, 0, 2.5, 0, 0, 0, 2.5, 55.8317, 0, -460.11)

[node name="Tree3" parent="." instance=ExtResource("3_1i7ry")]
transform = Transform3D(1.6, 0, 0, 0, 1.6, 0, 0, 0, 1.6, 63.526, 0, -461.743)

[node name="Tree4" parent="." instance=ExtResource("3_1i7ry")]
transform = Transform3D(1.6, 0, 0, 0, 1.6, 0, 0, 0, 1.6, 76.5282, 0, -459.441)

[node name="Tree5" parent="." instance=ExtResource("3_1i7ry")]
transform = Transform3D(1.6, 0, 0, 0, 1.6, 0, 0, 0, 1.6, 82.322, 0, -454.016)

[node name="Tree6" parent="." instance=ExtResource("3_1i7ry")]
transform = Transform3D(1.6, 0, 0, 0, 1.6, 0, 0, 0, 1.6, 70.08, -9.53674e-07, -463.679)

[node name="tree_cluster_62" parent="." instance=ExtResource("4_w5moh")]
transform = Transform3D(0.995596, 0, -0.0937436, 0, 1, 0, 0.0937436, 0, 0.995596, 95.5667, -5.48363e-06, -464.242)

[node name="tree_cluster_63" parent="." instance=ExtResource("4_w5moh")]
transform = Transform3D(0.995596, 0, -0.0937436, 0, 1, 0, 0.0937436, 0, 0.995596, 90.6669, -1.66893e-06, -423.397)

[node name="tree_cluster_64" parent="." instance=ExtResource("4_w5moh")]
transform = Transform3D(0.197093, 0, -0.980385, 0, 1, 0, 0.980385, 0, 0.197093, 71.5768, -1.66893e-06, -415.198)

[node name="tree_cluster_65" parent="." instance=ExtResource("4_w5moh")]
transform = Transform3D(0.823651, 0, -0.567097, 0, 1, 0, 0.567097, 0, 0.823651, -7.83431, -5.48363e-06, -478.973)

[node name="tree_cluster_66" parent="." instance=ExtResource("4_w5moh")]
transform = Transform3D(0.592983, 0, -0.805215, 0, 1, 0, 0.805215, 0, 0.592983, 33.4916, -5.48363e-06, -535.436)

[node name="tree_cluster_67" parent="." instance=ExtResource("4_w5moh")]
transform = Transform3D(-0.623538, 0, 0.781793, 0, 1, 0, -0.781793, 0, -0.623538, 97.6998, -5.48363e-06, -540.531)

[node name="tree_cluster_68" parent="." instance=ExtResource("4_w5moh")]
transform = Transform3D(0.537418, 0, 0.843316, 0, 1, 0, -0.843316, 0, 0.537418, 36.0934, -5.48363e-06, -479.181)

[node name="tree_cluster_69" parent="." instance=ExtResource("4_w5moh")]
transform = Transform3D(0.197093, 0, -0.980385, 0, 1, 0, 0.980385, 0, 0.197093, 51.54, -1.66893e-06, -456.887)

[node name="tree_cluster_70" parent="." instance=ExtResource("4_w5moh")]
transform = Transform3D(-0.525754, 0, -0.850637, 0, 1, 0, 0.850637, 0, -0.525754, -22.2453, -2.83718e-05, -453.863)

[node name="tree_cluster_71" parent="." instance=ExtResource("4_w5moh")]
transform = Transform3D(0.657191, 0, -0.753724, 0, 1, 0, 0.753724, 0, 0.657191, -40.492, -1.3113e-05, -511.981)

[node name="tree_cluster_72" parent="." instance=ExtResource("4_w5moh")]
transform = Transform3D(-0.525754, 0, -0.850637, 0, 1, 0, 0.850637, 0, -0.525754, -37.6953, -2.07424e-05, -562.105)

[node name="tree_cluster_73" parent="." instance=ExtResource("4_w5moh")]
transform = Transform3D(0.466248, 0, 0.884654, 0, 1, 0, -0.884654, 0, 0.466248, -62.8325, -5.48363e-06, -563.912)

[node name="tree_cluster_74" parent="." instance=ExtResource("4_w5moh")]
transform = Transform3D(-0.129125, 0, -0.991628, 0, 1, 0, 0.991628, 0, -0.129125, 75.3509, -5.48363e-06, -503.243)

[node name="tree_cluster_75" parent="." instance=ExtResource("4_w5moh")]
transform = Transform3D(0.657191, 0, -0.753724, 0, 1, 0, 0.753724, 0, 0.657191, -70.0516, -5.48363e-06, -619.763)

[node name="tree_cluster_76" parent="." instance=ExtResource("4_w5moh")]
transform = Transform3D(0.955144, 0, 0.296141, 0, 1, 0, -0.296141, 0, 0.955144, -42.3029, -2.07424e-05, -630.019)

[node name="tree_cluster_77" parent="." instance=ExtResource("4_w5moh")]
transform = Transform3D(0.414852, 0, -0.909889, 0, 1, 0, 0.909889, 0, 0.414852, -38.5876, -1.69277e-05, -685.791)

[node name="tree_cluster_78" parent="." instance=ExtResource("4_w5moh")]
transform = Transform3D(-0.449568, 0, 0.893246, 0, 1, 0, -0.893246, 0, -0.449568, 19.4456, -2.07424e-05, -688.118)

[node name="tree_cluster_79" parent="." instance=ExtResource("4_w5moh")]
transform = Transform3D(0.509702, 0, -0.860351, 0, 1, 0, 0.860351, 0, 0.509702, 34.1439, -5.48363e-06, -708.59)

[node name="tree_cluster_80" parent="." instance=ExtResource("4_w5moh")]
transform = Transform3D(-0.986225, 0, -0.165409, 0, 1, 0, 0.165409, 0, -0.986225, 85.5107, -5.48363e-06, -685.505)

[node name="tree_cluster_81" parent="." instance=ExtResource("4_w5moh")]
transform = Transform3D(0.979127, 0, 0.203248, 0, 1, 0, -0.203248, 0, 0.979127, 61.0577, -5.48363e-06, -625.917)

[node name="tree_cluster_82" parent="." instance=ExtResource("4_w5moh")]
transform = Transform3D(0.979127, 0, 0.203248, 0, 1, 0, -0.203248, 0, 0.979127, 83.3511, -5.48363e-06, -573.557)

[node name="tree_cluster_83" parent="." instance=ExtResource("4_w5moh")]
transform = Transform3D(-0.998337, 0, -0.0576511, 0, 1, 0, 0.0576511, 0, -0.998337, -118.117, -1.66893e-06, -297.818)

[node name="Tree7" parent="." instance=ExtResource("3_1i7ry")]
transform = Transform3D(1.5, 0, 0, 0, 1.5, 0, 0, 0, 1.5, 55.322, 0, -83.6171)

[node name="Tree8" parent="." instance=ExtResource("3_1i7ry")]
transform = Transform3D(1.5, 0, 0, 0, 1.5, 0, 0, 0, 1.5, 55.322, 0.883297, -74.9868)

[node name="Tree9" parent="." instance=ExtResource("3_1i7ry")]
transform = Transform3D(1.5, 0, 0, 0, 1.5, 0, 0, 0, 1.5, 55.3227, 0.883293, -60.9479)

[node name="Tree10" parent="." instance=ExtResource("3_1i7ry")]
transform = Transform3D(1.5, 0, 0, 0, 1.5, 0, 0, 0, 1.5, 55.4803, 0.883293, -49.8874)

[node name="Tree11" parent="." instance=ExtResource("3_1i7ry")]
transform = Transform3D(1.5, 0, 0, 0, 1.5, 0, 0, 0, 1.5, 53.2364, 0.883293, -36.9185)

[node name="tree_cluster_84" parent="." instance=ExtResource("4_w5moh")]
transform = Transform3D(-0.995205, 0, 0.0978088, 0, 1, 0, -0.0978088, 0, -0.995205, 50.7001, -1.66893e-06, 102.502)

[node name="tree_cluster_85" parent="." instance=ExtResource("4_w5moh")]
transform = Transform3D(-0.471027, 0, -0.882119, 0, 1, 0, 0.882119, 0, -0.471027, -1.28351, 2.14577e-06, 57.9498)

[node name="Tree12" parent="." instance=ExtResource("3_1i7ry")]
transform = Transform3D(1.5, 0, 0, 0, 1.5, 0, 0, 0, 1.5, -0.731291, 0.883293, -36.575)

[node name="Tree13" parent="." instance=ExtResource("3_1i7ry")]
transform = Transform3D(1, 0, 0, 0, 1, 0, 0, 0, 1, 1.62715, 0.883293, -37.4596)

[node name="Tree14" parent="." instance=ExtResource("3_1i7ry")]
transform = Transform3D(1.5, 0, 0, 0, 1.5, 0, 0, 0, 1.5, 0.735046, 0.883293, -47.8363)

[node name="Tree15" parent="." instance=ExtResource("3_1i7ry")]
transform = Transform3D(1.5, 0, 0, 0, 1.5, 0, 0, 0, 1.5, 9.01198, 0.883293, -49.0154)

[node name="Tree16" parent="." instance=ExtResource("3_1i7ry")]
transform = Transform3D(1.5, 0, 0, 0, 1.5, 0, 0, 0, 1.5, -2.72642, 0.883292, -27.375)

[node name="Tree17" parent="." instance=ExtResource("3_1i7ry")]
transform = Transform3D(1.5, 0, 0, 0, 1.5, 0, 0, 0, 1.5, -12.8564, 0.883293, -18.8208)

[node name="tree_cluster_86" parent="." instance=ExtResource("4_w5moh")]
transform = Transform3D(0.235634, 0, 0.971842, 0, 1, 0, -0.971842, 0, 0.235634, -100.272, -1.66893e-06, -326.749)

[node name="tree_cluster_87" parent="." instance=ExtResource("4_w5moh")]
transform = Transform3D(0.0114841, 0, 0.999934, 0, 1, 0, -0.999934, 0, 0.0114841, -23.0452, -1.66893e-06, -292.654)

[node name="tree_cluster_88" parent="." instance=ExtResource("4_w5moh")]
transform = Transform3D(-0.253116, 0, -0.967436, 0, 1, 0, 0.967436, 0, -0.253116, 37.0446, -1.66893e-06, -328.3)

[node name="tree_cluster_89" parent="." instance=ExtResource("4_w5moh")]
transform = Transform3D(0.684942, 0, 0.728598, 0, 1, 0, -0.728598, 0, 0.684942, -45.3064, -1.3113e-05, -459.217)

[node name="Tree18" parent="." instance=ExtResource("3_1i7ry")]
transform = Transform3D(1.5, 0, 0, 0, 1.5, 0, 0, 0, 1.5, 47.8605, 0, -87.7823)

[node name="tree_cluster_90" parent="." instance=ExtResource("4_w5moh")]
transform = Transform3D(-0.37404, 0, -0.927412, 0, 1, 0, 0.927412, 0, -0.37404, -67.1572, -1.66893e-06, -337.182)

[node name="tree_cluster_91" parent="." instance=ExtResource("4_w5moh")]
transform = Transform3D(0.197093, 0, -0.980385, 0, 1, 0, 0.980385, 0, 0.197093, -8.95681, -1.66893e-06, -322.189)
